0.633975 0.010282
0.648444 0.002524
0.767932 0.004908
0.842894 0.005964
0.812245 0.002099
0.648925 0.003123
0.760459 0.004568
0.670467 0.001974
0.630449 0.003584
0.843486 0.002473
0.657949 0.003784
0.857547 0.006950
0.768520 0.004385
0.731634 0.004633
0.738976 0.003820
0.695116 0.004447
0.651169 0.003695
0.655054 0.007035
0.667817 0.005273
0.691306 0.003476
0.799452 0.005119
0.891801 0.003022
0.808002 0.003564
0.786904 0.005181
0.896700 0.003494
0.837599 0.006053
0.753181 0.004696
0.886214 0.004424
0.805403 0.002916
0.701233 0.005321
0.640349 0.002667
0.926117 0.006248
0.494103 0.004429
0.788093 0.002611
0.714399 0.004624
0.757141 0.003605
0.642561 0.001323
0.794808 0.004062
0.640037 0.006077
0.765410 0.002673
0.722419 0.006269
0.640965 0.004487
0.876350 0.005273
0.721071 0.002036
0.757774 0.003027
0.888634 0.004148
0.681853 0.005288
0.731811 0.004361
0.693040 0.002905
0.750026 0.004400
0.733689 0.004478
0.766488 0.005435
0.738161 0.003623
0.807346 0.003455
0.754715 0.004354
0.762455 0.004380
0.777870 0.003693
0.738290 0.006434
0.777278 0.004328
0.002133 0.003576
0.773147 0.005406
0.665979 0.003589
0.837766 0.003606
0.714571 0.006166
0.757447 0.003045
0.884092 0.006411
0.658579 0.005295
0.794336 0.002548
0.817562 0.002670
0.664398 0.002468
0.760677 0.002624
0.632706 0.005305
0.709506 0.001679
0.643838 0.004434
0.659274 0.005863
0.658117 0.003826
0.884116 0.004581
0.728666 0.006425
0.748806 0.005351
0.764280 0.003402
0.721012 0.003783
0.807778 0.005983
0.774465 0.005305
0.689926 0.006011
0.748935 0.005010
0.643953 0.002552
0.816299 0.004414
0.726503 0.004943
0.732912 0.004552
0.720920 0.006404
0.688966 0.003592
0.685934 0.003417
0.819428 0.003912
0.688094 0.006210
0.800585 0.004078
0.667564 0.003601
0.699662 0.002548
0.742548 0.006021
0.832658 0.003657
0.802608 0.004528
0.716632 0.002530
0.856896 0.004380
0.684677 0.006570
0.647367 0.002609
0.810713 0.003585
0.742066 0.002531
0.788462 0.002913
0.707354 0.002932
0.828625 0.004580
0.778644 0.004109
0.616231 0.003592
0.809102 0.003551
0.795490 0.002949
0.742195 0.003968
0.810708 0.007171
0.846155 0.003635
0.673278 0.005884
0.619492 0.003482
0.782696 0.004414
0.911810 0.006089
0.820427 0.003523
0.836699 0.004407
0.677028 0.005415
0.703770 0.003575
0.739401 0.003707
0.652802 0.007417
0.771642 0.004501
0.879311 0.001963
0.797506 0.006363
0.729223 0.006868
0.786758 0.003865
0.671237 0.002867
0.721381 0.003586
0.757846 0.004486
0.737625 0.005555
0.826153 0.004365
0.631109 0.002463
0.757504 0.004245
0.671491 0.002927
0.633804 0.007068
0.822030 0.002562
0.809985 0.001356
0.685358 0.005465
0.742621 0.005745
0.705405 0.004509
0.748983 0.003583
0.663664 0.001325
0.634313 0.007045
0.748421 0.004555
0.635866 0.004590
0.715218 0.004511
0.625642 0.002483
0.500091 0.005401
0.696848 0.003512
0.609203 0.003572
0.630833 0.005392
0.781739 0.005399
0.822943 0.003518
0.719630 0.003711
0.694906 0.003599
0.761926 0.002856
0.736050 0.002988
0.704917 0.003563
0.810402 0.002639
0.833196 0.002661
0.919223 0.004667
0.742109 0.005530
0.815569 0.003592
0.607135 0.005421
0.575553 0.005369
0.683533 0.004353
0.755827 0.002883
0.673340 0.002773
0.721540 0.004247
0.767713 0.009748
0.877558 0.003606
0.545248 0.002918
0.685137 0.005026
0.778724 0.002565
0.737825 0.003436
0.611232 0.003855
0.702335 0.004189
0.715517 0.003509
0.839647 0.002660
0.689548 0.005856
0.648323 0.004356
0.882614 0.004473
0.802717 0.004172
0.745382 0.001987
0.623276 0.003628
0.588594 0.005893
0.707878 0.004407
0.683876 0.002112
0.755036 0.002494
0.721138 0.004038
0.678906 0.003802
0.793496 0.004538
0.866368 0.003910
0.825011 0.006096
0.742413 0.005385
0.530364 0.002042
0.640675 0.010704
0.744737 0.007201
0.618306 0.005087
0.548624 0.008857
0.532141 0.003599
0.821242 0.004463
0.887100 0.003010
0.827495 0.003011
0.589597 0.001983
0.440453 0.002618
0.753641 0.005895
0.660636 0.005956
0.794036 0.005142
0.707019 0.004403
0.699475 0.004313
0.690102 0.002142
0.779302 0.005148
0.858054 0.006025
0.598305 0.008098
0.728859 0.003424
0.769857 0.003786
0.700927 0.004415
0.768160 0.008848
0.689258 0.002244
0.934599 0.007034
0.502494 0.002068
0.600384 0.002481
0.813491 0.004420
0.739813 0.002673
0.789079 0.004684
0.688882 0.004754
0.748092 0.002554
0.668375 0.004364
0.649531 0.004504
0.635845 0.004457
0.738555 0.002504
0.575915 0.004757
0.664178 0.002619
0.809902 0.003584
0.685375 0.004367
0.849579 0.005373
0.798472 0.004761
0.743787 0.002671
0.692964 0.004498
0.667276 0.001936
0.639533 0.004679
0.844674 0.006315
0.768099 0.006174
0.864874 0.006226
0.847247 0.005858
0.775942 0.004480
0.656121 0.005281
0.605717 0.003597
0.779253 0.003879
0.627899 0.006591
0.621209 0.004416
0.830052 0.002555
0.798691 0.001901
0.848947 0.003978
0.703569 0.003688
0.734888 0.005403
0.763313 0.004859
0.737049 0.003915
0.665829 0.003345
0.703030 0.002847
0.878309 0.003112
0.858458 0.003527
0.757759 0.006120
0.798099 0.002663
0.838637 0.005520
0.650458 0.002577
0.779979 0.004573
0.819697 0.006213
0.651964 0.003585
0.618124 0.006417
0.861588 0.002641
0.920034 0.004032
0.486820 0.007402
0.826831 0.006380
0.753163 0.002467
0.891535 0.006193
0.676989 0.003684
0.675083 0.002615
0.692011 0.002775
0.799381 0.007105
0.753799 0.003608
0.777303 0.003022
0.585325 0.004519
0.745310 0.004105
0.815586 0.004873
0.710258 0.005012
0.738201 0.003633
0.695369 0.004385
0.257359 0.003659
0.713505 0.008270
0.850554 0.003583
0.747334 0.007542
0.733961 0.004148
0.583635 0.003466
0.728636 0.002791
0.647895 0.002454
0.739495 0.001979
0.659737 0.003066
0.783547 0.003578
0.772940 0.003949
0.714325 0.003632
0.715672 0.004395
0.745951 0.004857
0.679199 0.006315
0.735997 0.005375
0.701514 0.002451
0.018232 0.005283
0.729952 0.002663
0.868020 0.004402
0.777699 0.006046
0.594536 0.002072
0.783129 0.003997
0.930827 0.005618
0.734590 0.003592
0.728729 0.005420
0.740237 0.002919
0.600077 0.002571
0.797160 0.006134
0.771816 0.005589
0.988245 0.007344
0.746977 0.004453
0.890203 0.002527
0.734480 0.002672
0.754337 0.002555
0.718250 0.006472
0.535526 0.003021
0.851179 0.003446
0.772682 0.004384
0.593278 0.001348
0.855571 0.007262
0.671583 0.002854
0.710102 0.004605
0.756051 0.005447
0.731483 0.004449
0.770888 0.003582
0.724352 0.003589
0.896863 0.005315
0.680981 0.002622
0.631438 0.006227
0.719054 0.004389
0.727463 0.004381
0.732256 0.001378
0.751992 0.002513
0.865420 0.002606
0.536960 0.001944
0.736613 0.002535
0.706115 0.006512
0.674061 0.005124
0.740800 0.002670
0.816107 0.002864
0.755367 0.005041
0.878238 0.006471
0.582061 0.004592
0.692438 0.003548
0.689517 0.001315
0.434983 0.003660
0.670975 0.007556
0.868354 0.004675
0.731814 0.003806
0.769932 0.007896
0.881188 0.006360
0.856703 0.006231
0.662107 0.002874
0.780279 0.003565
0.800324 0.004189
0.873525 0.005134
0.757001 0.008689
0.772345 0.006159
0.615435 0.002509
0.777779 0.002527
0.707767 0.006082
0.729994 0.002655
0.733881 0.002896
0.751658 0.006113
0.827104 0.006254
0.784624 0.005271
0.764374 0.002609
0.649387 0.001952
0.744993 0.006214
0.794333 0.003537
0.682391 0.001718
0.876970 0.003674
0.658718 0.003059
0.580942 0.003762
0.715208 0.005870
0.697901 0.005302
0.715698 0.006760
0.718961 0.002716
0.639433 0.003973
0.832525 0.006721
0.840033 0.003676
0.879302 0.002647
0.783811 0.006420
0.677538 0.003520
0.737072 0.008002
0.771649 0.003813
0.921848 0.003972
0.766822 0.001325
0.675868 0.003621
0.817884 0.007377
0.750850 0.005144
0.633700 0.003673
0.795786 0.006570
0.689214 0.003452
0.769156 0.005266
0.844375 0.002911
0.773482 0.002617
0.880390 0.002524
0.811035 0.002907
0.726980 0.002049
0.745383 0.009398
0.671707 0.004650
0.780483 0.007415
0.577255 0.003084
0.805556 0.004417
0.775475 0.006101
0.836847 0.002571
0.757985 0.003690
0.841779 0.005111
0.812957 0.004035
0.755321 0.002576
0.791779 0.002632
0.856461 0.003614
0.651890 0.001897
0.707984 0.003714
0.886206 0.004481
0.850716 0.006680
0.770910 0.006610
0.607087 0.004410
0.688322 0.005014
0.787975 0.003649
0.757123 0.003009
0.566695 0.004443
0.803390 0.003007
0.836824 0.003762
0.639210 0.004455
0.672789 0.003732
0.745501 0.002688
0.670835 0.002653
0.658184 0.003567
0.655653 0.003910
0.640728 0.004442
0.821181 0.003560
0.718386 0.005011
0.652764 0.004525
0.897847 0.006190
0.715542 0.004408
0.802826 0.004444
0.759756 0.003929
0.820669 0.005331
0.822220 0.003839
0.780802 0.002646
0.638259 0.003792
0.843865 0.004139
0.717125 0.006970
0.822623 0.006072
0.499974 0.006480
0.587932 0.003510
0.855788 0.001909
0.659277 0.003901
0.664450 0.001342
0.711112 0.002680
0.880376 0.005302
0.802798 0.003774
0.814910 0.003950
0.589334 0.003736
0.727643 0.002985
0.723705 0.002993
0.843664 0.004373
0.708853 0.001613
0.705332 0.005438
0.693094 0.004452
0.854812 0.004654
0.662978 0.004487
0.563905 0.002994
0.881787 0.004554
0.817305 0.004520
0.842402 0.006080
0.530567 0.002594
0.760504 0.004436
0.708602 0.002562
0.769516 0.004444
0.000000 0.003623
0.608824 0.005419
0.809510 0.005266
0.645994 0.005442
0.867062 0.005902
0.726347 0.006208
0.752332 0.002048
0.692026 0.006321
0.796586 0.006232
0.910138 0.005435
0.747300 0.002596
0.891204 0.005406
0.774457 0.003805
0.709344 0.001944
0.679540 0.003612
0.733082 0.006109
0.821576 0.004487
0.516395 0.001367
0.831415 0.003567
0.712398 0.004463
0.761419 0.006995
0.763294 0.001355
0.763318 0.003015
0.665491 0.004428
0.794459 0.006623
0.767192 0.003651
0.816766 0.005568
0.607076 0.003127
0.824815 0.006334
0.697712 0.004078
0.692423 0.003051
0.673044 0.006964
0.717827 0.004382
0.814821 0.003559
0.668986 0.003595
0.565979 0.004609
0.828056 0.003273
0.829468 0.004999
0.863232 0.002638
0.852274 0.002495
0.738659 0.002541
0.635877 0.005414
0.630070 0.004583
0.727269 0.005399
0.685827 0.004212
0.664364 0.003732
0.891593 0.006320
0.655445 0.003830
0.883781 0.004002
0.715619 0.003510
0.746964 0.002644
0.898561 0.005364
0.824641 0.003703
0.734762 0.004027
0.515942 0.003538
0.691017 0.004858
0.753394 0.005719
0.843184 0.007108
0.776148 0.006411
0.697758 0.002608
0.699180 0.002534
0.701018 0.004469
0.755677 0.003632
0.715643 0.004479
0.717647 0.004435
0.773257 0.002920
0.720363 0.006078
0.679037 0.002640
0.684718 0.004424
0.712515 0.006651
0.770047 0.003609
0.680272 0.002120
0.706173 0.003686
0.316886 0.003317
0.792107 0.003577
0.717175 0.002762
0.724887 0.003582
0.822338 0.004413
0.660142 0.002588
0.857420 0.004562
0.757046 0.003859
0.692108 0.002641
0.731791 0.003220
0.781816 0.003495
0.868736 0.001950
0.814400 0.004389
0.799005 0.005066
0.621524 0.007227
0.705345 0.003524
0.774667 0.003760
0.000000 0.002608
0.801524 0.005467
0.729585 0.005343
0.746984 0.001930
0.641218 0.004191
0.611459 0.003901
0.576387 0.003042
0.773941 0.005163
0.702841 0.006432
0.792041 0.003513
0.801369 0.005434
0.762059 0.007005
0.779274 0.002562
0.723514 0.002772
0.731217 0.004514
0.738390 0.004528
0.830334 0.005976
0.675265 0.002656
0.681327 0.003264
0.674819 0.003878
0.670305 0.002839
0.631015 0.002636
0.723383 0.002751
0.675255 0.004699
0.810844 0.005511
0.762077 0.001328
0.580973 0.002594
0.817098 0.003023
0.668414 0.005421
0.727409 0.004413
0.743857 0.003909
0.751455 0.004130
0.826578 0.004431
0.692646 0.002531
0.666540 0.004282
0.748275 0.004362
0.705964 0.002623
0.822132 0.002497
0.741483 0.004763
0.717822 0.002414
0.629645 0.003597
0.333783 0.003691
0.653610 0.003545
0.679018 0.003255
0.582312 0.006243
0.836429 0.005368
0.535952 0.002560
0.860215 0.002486
0.695445 0.003537
0.716513 0.001376
0.636254 0.002796
0.698040 0.005388
0.802948 0.006991
0.626943 0.004385
0.682823 0.003793
0.707099 0.005278
0.784739 0.004565
0.898278 0.005324
0.572524 0.002632
0.746319 0.002768
0.652334 0.002990
0.699802 0.001647
0.681573 0.004403
0.727228 0.006724
0.675690 0.005718
0.728896 0.005316
0.736597 0.006046
0.766621 0.006639
0.822450 0.003890
0.741178 0.005381
0.856094 0.006819
0.606835 0.002620
0.730942 0.003512
0.852412 0.006055
0.660057 0.002526
0.724362 0.006142
0.753515 0.007063
0.648520 0.002791
0.490351 0.001959
0.823140 0.004847
0.680378 0.003778
0.635847 0.004914
0.785439 0.005349
0.695963 0.004409
0.668535 0.002566
0.669838 0.005454
0.779370 0.002991
0.767479 0.004465
0.675464 0.003647
0.703625 0.002994
0.715010 0.003567
0.850934 0.002453
0.710429 0.003563
0.723182 0.003792
0.801313 0.003980
0.900156 0.004443
0.622647 0.002642
0.704399 0.005311
0.811526 0.004402
0.635186 0.002418
0.609056 0.002569
0.753190 0.002634
0.781540 0.002768
0.736659 0.005405
0.841960 0.004252
0.650302 0.005383
0.653162 0.007976
0.797613 0.004449
0.884430 0.004361
0.822494 0.005275
0.668793 0.001943
0.829082 0.004669
0.687664 0.005466
0.875155 0.002603
0.773500 0.003643
0.698557 0.002501
0.706303 0.007526
0.610588 0.003776
0.713525 0.003590
0.775881 0.002512
0.832329 0.005386
0.545080 0.003565
0.798131 0.006236
0.779558 0.002833
0.611874 0.005521
0.603164 0.005363
0.730661 0.003471
0.826009 0.005452
0.620986 0.004611
0.694280 0.004402
0.700280 0.002583
0.628497 0.005375
0.774527 0.004573
0.681829 0.003692
0.749752 0.001990
0.775306 0.002667
0.600084 0.004990
0.826721 0.003543
0.782163 0.003127
0.777985 0.003779
0.781662 0.003656
0.677320 0.002926
0.739233 0.004560
0.696551 0.002509
0.581740 0.002064
0.808222 0.004441
0.709880 0.004304
0.593539 0.001854
0.620898 0.003578
0.709495 0.003991
0.605679 0.006716
0.642691 0.004388
0.574712 0.003690
0.782824 0.004411
0.610882 0.003772
0.713313 0.004418
0.710091 0.003613
0.787566 0.005467
0.522475 0.001993
0.826301 0.005152
0.682994 0.005889
0.607081 0.003559
0.692167 0.006128
0.949300 0.007022
0.815350 0.003566
0.739414 0.002683
0.722641 0.003529
0.717609 0.003548
0.803859 0.005925
0.693181 0.003844
0.769108 0.003571
0.654389 0.007341
0.786231 0.003519
0.636993 0.003654
0.828872 0.002532
0.769221 0.002063
0.880187 0.002938
0.862367 0.003820
0.693605 0.005342
0.659410 0.003474
0.598929 0.002672
0.630609 0.005264
0.698285 0.003603
0.694771 0.004354
0.825134 0.004562
0.792892 0.003895
0.760657 0.004491
0.597657 0.001391
0.696239 0.003752
0.686244 0.003914
0.725966 0.006222
0.847796 0.004464
0.847555 0.003594
0.784098 0.003561
0.689397 0.001697
0.805473 0.001662
0.728197 0.006661
0.755789 0.003556
0.745839 0.002489
0.819945 0.003803
0.752431 0.003653
0.779890 0.004380
0.826584 0.007699
0.743148 0.002616
0.860615 0.001964
0.749217 0.003423
0.524559 0.006088
0.650590 0.001871
0.792818 0.005983
0.801206 0.001926
0.579122 0.002788
0.710429 0.002654
0.739055 0.001669
0.684996 0.002686
0.829511 0.005994
0.731400 0.003030
0.647280 0.003639
0.804800 0.006520
0.690005 0.002989
0.734424 0.003535
0.742910 0.002928
0.657177 0.004498
0.736956 0.005604
0.763430 0.006961
0.655308 0.003652
0.704053 0.004347
0.707565 0.003580
0.734903 0.003006
0.760100 0.002607
0.755381 0.002651
0.719555 0.004760
0.813464 0.004449
0.739639 0.004410
0.609242 0.007440
0.713940 0.003551
0.363956 0.002574
0.695678 0.002656
0.570349 0.005508
0.704967 0.005298
0.879632 0.003675
0.810430 0.003384
0.720236 0.005537
0.782504 0.003612
0.815126 0.005619
0.748085 0.002930
0.598435 0.003576
0.544325 0.005315
0.784436 0.006010
0.598096 0.003206
0.829071 0.004396
0.736931 0.001334
0.763798 0.002608
0.558584 0.003688
0.823300 0.005464
0.725669 0.003504
0.825558 0.001991
0.645302 0.004347
0.909242 0.006588
0.738272 0.002476
0.671536 0.003065
0.684987 0.003445
0.564554 0.003700
0.756924 0.004501
0.758338 0.003897
0.813303 0.004646
0.784801 0.005343
0.619755 0.004426
0.896812 0.007162
0.607905 0.004407
0.810027 0.002432
0.658833 0.003723
0.688532 0.004411
0.826254 0.003604
0.740345 0.004181
0.646091 0.002850
0.680418 0.004405
0.652963 0.002587
0.687462 0.003599
0.679245 0.002035
0.634674 0.003639
0.747424 0.004360
0.816949 0.006801
0.636177 0.002520
0.733894 0.005440
0.749509 0.002045
0.731478 0.002556
0.771995 0.004414
0.759757 0.005459
0.647416 0.005307
0.660230 0.002733
0.766438 0.006359
0.688946 0.002644
0.671006 0.006552
0.842919 0.003654
0.795944 0.004781
0.702848 0.002002
0.858454 0.003887
0.794415 0.005352
0.733946 0.001651
0.803051 0.002906
0.697654 0.006045
0.684885 0.005911
0.652872 0.003432
0.782638 0.002801
0.669991 0.003636
0.779574 0.004856
0.687987 0.003695
0.786286 0.006185
0.608442 0.003655
0.735801 0.002593
0.696957 0.004045
0.694852 0.003570
0.499108 0.001650
0.762189 0.006180
0.797501 0.006112
0.689410 0.003973
0.805849 0.003800
0.836109 0.002826
0.524485 0.001315
0.691918 0.003669
0.866904 0.004520
0.778244 0.002449
0.806323 0.006169
0.731822 0.006302
0.672298 0.002961
0.725179 0.004539
0.772503 0.002553
0.745442 0.004868
0.654440 0.003587
0.666160 0.004572
0.718773 0.005349
0.773483 0.004579
0.456368 0.005407
0.567084 0.003605
0.649282 0.001647
0.752484 0.006030
0.773516 0.004333
0.729935 0.003631
0.767012 0.001939
0.615865 0.007453
0.694593 0.004507
0.583032 0.001406
0.601443 0.007676
0.701693 0.003020
0.798146 0.002933
0.717991 0.003900
0.789986 0.001640
0.699413 0.006936
0.772673 0.006163
0.854193 0.003739
0.710929 0.006205
0.697465 0.002909
0.725603 0.002800
0.664950 0.002824
0.662692 0.003015
0.831656 0.005495
0.680632 0.001928
0.936293 0.006377
0.865062 0.003884
0.919176 0.002586
0.729238 0.003540
0.833845 0.004589
0.628648 0.004370
0.825709 0.007033
0.761719 0.003603
0.832281 0.006734
0.841158 0.005468
0.582715 0.005556
0.474234 0.003566
0.733549 0.004467
0.766800 0.002498
0.681282 0.004423
0.686657 0.003533
0.740021 0.006324
0.640581 0.003750
0.772220 0.002661
0.681141 0.004463
0.792409 0.002492
0.732865 0.002663
0.714759 0.002731
0.687980 0.007561
0.721897 0.003618
0.679362 0.003721
0.824474 0.004976
0.976111 0.006077
0.615638 0.002639
0.772955 0.006351
0.852797 0.002573
0.705230 0.002971
0.777768 0.006958
0.835553 0.004603
0.621464 0.003569
0.851839 0.005926
0.753169 0.006604
0.845202 0.005913
0.642588 0.004401
0.767644 0.004434
0.669148 0.002826
0.784810 0.003877
0.678366 0.006182
0.709177 0.001892
0.743201 0.003582
0.745517 0.004340
0.866170 0.005418
0.666718 0.005348
0.756778 0.005764
0.637465 0.003852
0.819736 0.006030
0.753271 0.001965
0.692426 0.002597
0.619753 0.004891
0.818819 0.002472
0.664942 0.003526
0.750907 0.005370
0.651063 0.006075
0.704554 0.003992
0.557743 0.004414
0.718321 0.002637
0.559066 0.005444
0.725560 0.002775
0.762603 0.003595
0.792569 0.004320
0.698955 0.002950
0.689352 0.003579
0.875766 0.005327
0.694542 0.003669
0.678460 0.004417
0.861708 0.005784
0.808449 0.001976
0.861780 0.006223
0.832549 0.005981
0.694071 0.002539
0.710613 0.005350
0.684440 0.002441
0.712612 0.004498
0.715102 0.003608
0.664745 0.003107
0.780240 0.002512
0.843509 0.005425
0.811206 0.004456
0.788905 0.002562
0.667491 0.005346
0.812330 0.005414
0.642763 0.002618
0.716836 0.001946
0.878180 0.005348
0.847248 0.004602
0.691538 0.002903
0.713922 0.003596
0.830666 0.005324
0.752697 0.004479
0.706681 0.002616
0.727294 0.005219
0.808331 0.006088
0.820907 0.003538
0.635124 0.001866
0.719241 0.002650
0.826075 0.005293
0.638019 0.003525
0.440407 0.002680
0.744184 0.006680
0.735238 0.006757
0.677861 0.003668
0.730249 0.003744
0.835769 0.006395
0.604575 0.004411
0.733613 0.006000
0.770655 0.005148
0.581099 0.006212
0.825281 0.004379
0.846758 0.003924
0.731232 0.006396
0.741640 0.004440
0.698704 0.002465
0.701753 0.002635
0.629829 0.003552
0.709809 0.002824
0.656557 0.003572
0.654642 0.005461
0.720166 0.002612
0.795862 0.006201
0.764031 0.006673
0.786509 0.004642
0.763705 0.004313
0.765949 0.003601
0.742088 0.002469
0.667383 0.003502
0.763270 0.006638
0.781019 0.006986
0.690295 0.004491
0.767618 0.006393
0.683649 0.003033
0.716282 0.005293
0.732333 0.005147
0.729653 0.004429
0.741586 0.002609
0.892537 0.003890
0.775583 0.001894
0.660321 0.003647
0.651318 0.006191
0.722484 0.006686
0.706581 0.004143
0.698133 0.004424
0.636899 0.003531
0.921388 0.005637
0.649825 0.004485
0.832075 0.006238
0.722349 0.004206
0.652580 0.004829
0.605097 0.002026
0.644997 0.002514
0.681726 0.003565
0.703274 0.006608
0.730164 0.002940
0.585697 0.003618
0.671996 0.003572
0.695814 0.007346
0.680691 0.002464
0.711582 0.004457
0.694845 0.006327
0.902540 0.005018
0.742516 0.004346
0.582891 0.002654
0.772639 0.005404
0.847501 0.005470
0.790819 0.005117
0.750294 0.003444
0.792358 0.002988
0.665135 0.003104
0.592776 0.003103
0.776140 0.005183
0.624494 0.006174
0.583793 0.002874
0.823570 0.005817
0.594319 0.006208
0.788129 0.005385
0.555911 0.005950
0.834230 0.003610
0.777801 0.002674
0.673453 0.002818
0.760775 0.008409
0.766733 0.006923
0.829951 0.006295
0.569199 0.002958
0.521821 0.002587
0.811509 0.004890
0.808672 0.003822
0.756287 0.006959
0.754257 0.005826
0.568366 0.001918
0.606757 0.002635
0.701821 0.002958
0.729574 0.005430
0.000000 0.002030
0.658526 0.006999
0.687192 0.004474
0.627005 0.004466
0.844896 0.005570
0.744145 0.005448
0.807779 0.003831
0.733661 0.002635
0.607827 0.003525
0.720212 0.004891
0.800029 0.005470
0.848815 0.001976
0.552775 0.003566
0.852265 0.006949
0.783842 0.002651
0.814902 0.005949
0.818093 0.007295
0.789700 0.002635
0.707224 0.003394
0.818025 0.005414
0.764422 0.003433
0.829770 0.005518
0.730627 0.002569
0.771926 0.003053
0.667173 0.005298
0.741132 0.004425
0.841407 0.005360
0.739446 0.003573
0.918602 0.003057
0.481715 0.005393
0.788551 0.002549
0.878163 0.005116
0.926229 0.005460
0.769233 0.006651
0.736998 0.003930
0.814875 0.002624
0.743674 0.003588
0.698735 0.003891
0.687303 0.003690
0.808834 0.003651
0.695238 0.002618
0.615381 0.003487
0.629039 0.003537
0.636430 0.006167
0.850398 0.003426
0.875682 0.003437
0.718474 0.001925
0.836323 0.003528
0.784775 0.007087
0.678734 0.004489
0.858280 0.002656
0.715674 0.005251
0.736408 0.002829
0.648524 0.003573
0.725776 0.003719
0.815626 0.005935
0.743286 0.004470
0.603016 0.003588
0.838548 0.007172
0.631060 0.003584
0.813498 0.003822
0.807992 0.003844
0.519196 0.003586
0.720092 0.007828
0.800239 0.005495
0.583981 0.005942
0.762401 0.003572
0.758045 0.004426
0.685453 0.003609
0.691221 0.003520
0.922481 0.007690
0.755263 0.003614
0.605218 0.005330
0.709814 0.002595
0.777084 0.002500
0.699281 0.005554
0.597438 0.002820
0.575635 0.001814
0.762067 0.004521
0.785132 0.004067
0.653701 0.004743
0.791401 0.006577
0.803697 0.006815
0.846532 0.004745
0.805235 0.003671
0.864177 0.003614
0.808652 0.006076
0.838577 0.006305
0.828280 0.003601
0.834482 0.002661
0.586036 0.005391
0.869888 0.002937
0.882147 0.003346
0.726872 0.002013
0.669329 0.004423
0.783428 0.004874
0.796526 0.005405
0.650895 0.004413
0.638437 0.006018
0.776899 0.006938
0.848919 0.005506
0.619821 0.006241
0.745292 0.005513
0.731832 0.004500
0.564601 0.002592
0.618456 0.003690
0.840645 0.002983
0.681721 0.005375
0.612612 0.002696
0.753023 0.002533
0.536397 0.002594
0.771938 0.006360
0.680684 0.006147
0.557968 0.002975
0.809835 0.005917
0.548444 0.003689
0.886220 0.004770
0.468494 0.002644
0.705758 0.005344
0.773723 0.003649
0.937307 0.004627
0.747822 0.004526
0.833431 0.003986
0.715010 0.003097
0.756104 0.003630
0.495810 0.002022
0.626323 0.002628
0.674399 0.006995
0.818082 0.002971
0.871451 0.006806
0.797559 0.007173
0.782364 0.002608
0.712714 0.003883
0.621923 0.002618
0.792630 0.004583
0.798200 0.003473
0.802775 0.004958
0.683703 0.003625
0.840609 0.003629
0.495197 0.005345
0.762035 0.005489
0.682635 0.006805
0.624479 0.006737
0.545804 0.006161
0.590380 0.004376
0.653297 0.005244
0.454944 0.006163
0.674443 0.008342
0.714748 0.007757
0.667476 0.005340
0.767961 0.006512
0.729925 0.005325
0.610235 0.004299
0.714824 0.007737
0.454318 0.002706
0.654210 0.004421
0.607349 0.005469
0.866004 0.005623
0.720066 0.003257
0.553015 0.006260
0.626886 0.007641
0.667449 0.005563
0.785115 0.006087
0.599426 0.006945
0.687496 0.006084
0.658694 0.007532
0.664966 0.005388
0.624960 0.005135
0.684885 0.005229
0.484203 0.003905
0.666521 0.003595
0.675421 0.005001
0.497051 0.006932
0.525771 0.004163
0.771839 0.005481
0.573002 0.004655
0.734189 0.005293
0.659427 0.005604
0.439793 0.003489
0.511250 0.005054
0.619914 0.006122
0.465916 0.002594
0.699164 0.005832
0.769804 0.004848
0.473658 0.004487
0.661368 0.005099
0.047933 0.004580
0.793673 0.004816
0.518080 0.008106
0.768701 0.005951
0.573430 0.003818
0.654631 0.009099
0.721208 0.004548
0.733268 0.003946
0.459232 0.006740
0.517464 0.004724
0.014020 0.007456
0.437711 0.004479
0.508826 0.002557
0.755549 0.005140
0.582146 0.008400
0.757595 0.005023
0.489441 0.005184
0.754755 0.005961
0.416241 0.007730
0.715882 0.005169
0.789107 0.003720
0.472600 0.002719
0.597524 0.007546
0.571266 0.002632
0.486143 0.003929
0.468236 0.003583
0.523793 0.005017
0.499156 0.004486
0.700322 0.006463
0.548801 0.007877
0.695804 0.006794
0.699194 0.003679
0.657372 0.005750
0.534784 0.007075
0.744636 0.007325
0.595401 0.004443
0.775419 0.005987
0.797585 0.007901
0.410276 0.005713
0.625248 0.007408
0.632481 0.006460
0.016053 0.004095
0.587507 0.006971
0.512051 0.002826
0.780303 0.004443
0.672016 0.005300
0.694502 0.008080
0.526263 0.007120
0.642045 0.004881
0.750979 0.003628
0.770585 0.005344
0.851072 0.008120
0.631905 0.002653
0.630253 0.002978
0.460441 0.001953
0.030853 0.003650
0.815464 0.003525
0.614259 0.002688
0.746881 0.005973
0.677778 0.007239
0.760635 0.005298
0.603847 0.004374
0.548230 0.003046
0.835742 0.004892
0.735536 0.006252
0.573176 0.005203
0.343667 0.007211
0.659588 0.006204
0.750566 0.005721
0.593267 0.003566
0.755390 0.007197
0.532287 0.007107
0.577065 0.003495
0.660453 0.006006
0.809119 0.005381
0.686717 0.007619
0.547815 0.008144
0.596169 0.007474
0.714438 0.007134
0.568285 0.006149
0.785468 0.006076
0.697961 0.003614
0.686530 0.005956
0.626106 0.005685
0.545010 0.007972
0.413995 0.005512
0.027054 0.007031
0.665109 0.005334
0.533875 0.005218
0.518974 0.003500
0.657578 0.003959
0.692798 0.006293
0.736789 0.002681
0.780529 0.007053
0.623294 0.005772
0.705382 0.006632
0.626714 0.005576
0.535817 0.005510
0.243500 0.006333
0.540293 0.003633
0.000000 0.007714
0.705853 0.006770
0.670388 0.007334
0.599750 0.005342
0.427110 0.004444
0.643181 0.007015
0.721729 0.005287
0.507263 0.001347
0.635406 0.004353
0.789559 0.005836
0.649499 0.004357
0.666814 0.006443
0.527076 0.006514
0.566836 0.008942
0.411568 0.005988
0.515132 0.003690
0.583329 0.006090
0.424366 0.002533
0.656451 0.005085
0.615062 0.006447
0.576866 0.006177
0.491995 0.004474
0.587099 0.006840
0.591004 0.006933
0.685241 0.006417
0.734088 0.006995
0.601894 0.005506
0.816620 0.006765
0.646193 0.005185
0.750288 0.006054
0.252244 0.007754
0.699903 0.004420
0.532375 0.003606
0.707502 0.003486
0.632978 0.006784
0.390082 0.004463
0.715623 0.006747
0.639843 0.004431
0.804961 0.003900
0.688831 0.006738
0.831772 0.005996
0.442092 0.005581
0.773608 0.004961
0.752615 0.004519
0.684301 0.004532
0.429730 0.001908
0.922258 0.005168
0.703913 0.003715
0.675144 0.005362
0.614664 0.005549
0.419318 0.006151
0.521740 0.005369
0.660890 0.008970
0.645467 0.003758
0.702884 0.007545
0.744440 0.006063
0.651699 0.005175
0.418075 0.003538
0.568904 0.003035
0.427605 0.006046
0.253823 0.002514
0.722365 0.007642
0.511429 0.005681
0.369954 0.002017
0.601968 0.006180
0.615567 0.005833
0.688034 0.008076
0.798446 0.007606
0.702296 0.006538
0.690799 0.002822
0.583792 0.003938
0.344083 0.002464
0.591050 0.004847
0.708953 0.005427
0.577670 0.006198
0.489531 0.003016
0.572902 0.003859
0.602372 0.008328
0.557487 0.001359
0.492327 0.003695
0.678403 0.004593
0.680489 0.003049
0.476630 0.003648
0.576697 0.005384
0.486329 0.004248
0.607273 0.008849
0.579637 0.005368
0.573464 0.005461
0.565632 0.007160
0.632651 0.006238
0.809073 0.007143
0.764159 0.003577
0.601553 0.003708
0.734235 0.007340
0.692675 0.007139
0.650976 0.005387
0.621360 0.005537
0.456704 0.003570
0.643626 0.004930
0.562069 0.002606
0.518197 0.003587
0.728133 0.007020
0.771654 0.005849
0.548148 0.004454
0.695047 0.008280
0.569446 0.006291
0.562022 0.003744
0.643060 0.008177
0.603641 0.001602
0.817365 0.004453
0.028675 0.005289
0.635113 0.006947
0.635862 0.004836
0.814563 0.003556
0.770735 0.006834
0.757898 0.003875
0.781098 0.003190
0.712932 0.006794
0.711993 0.006166
0.591323 0.006978
0.654487 0.006750
0.632452 0.003444
0.747460 0.004877
0.490720 0.004518
0.603916 0.003610
0.646932 0.005564
0.669691 0.007601
0.516742 0.006008
0.632828 0.006709
0.516317 0.004300
0.511652 0.004114
0.857419 0.007231
0.769797 0.004713
0.104133 0.006113
0.731298 0.006219
0.764924 0.004131
0.420175 0.005575
0.568612 0.005900
0.570413 0.005599
0.850021 0.005548
0.790628 0.005282
0.839309 0.004045
0.895164 0.006035
0.645063 0.004439
0.393926 0.007050
0.502778 0.003007
0.906203 0.008177
0.792622 0.003604
0.715262 0.005397
0.785714 0.007848
0.876543 0.004707
0.531842 0.007477
0.964474 0.006076
0.764085 0.005974
0.676666 0.005419
0.905249 0.007470
0.753180 0.005182
0.812135 0.006033
0.837062 0.003712
0.849481 0.007067
0.754612 0.007532
0.651650 0.007410
0.875773 0.006653
0.609961 0.004424
0.712516 0.003882
0.872106 0.005463
0.805035 0.005456
0.756231 0.009544
0.761414 0.005574
0.703348 0.003614
0.706336 0.005383
0.587654 0.002577
0.843202 0.003106
0.706722 0.003544
0.682619 0.004386
0.853766 0.008977
0.872954 0.003683
0.620751 0.006088
0.833319 0.006331
0.818986 0.006196
0.863904 0.007126
0.848191 0.006318
0.747255 0.004426
0.674034 0.006458
0.864327 0.006629
0.878372 0.006289
0.634519 0.004484
0.649444 0.005120
0.772805 0.006016
0.826974 0.006114
0.782713 0.007786
0.899671 0.007073
0.837849 0.008104
0.839679 0.004466
0.517397 0.003743
0.833995 0.007906
0.595539 0.003459
0.943320 0.003666
0.725910 0.006957
0.614416 0.006233
0.650483 0.002492
0.817153 0.003815
0.668794 0.006825
0.713271 0.004566
0.750609 0.002519
0.900820 0.008304
0.726670 0.005449
0.598683 0.002337
0.725626 0.006160
0.892768 0.008942
0.690284 0.006730
0.394978 0.005607
0.811366 0.008358
0.759238 0.005209
0.704604 0.003512
0.002991 0.005384
0.599340 0.003408
0.710027 0.005439
0.707039 0.005129
0.765697 0.007282
0.662754 0.004108
0.563664 0.005965
0.690775 0.005348
0.661496 0.002938
0.857126 0.004279
0.606034 0.004334
0.771774 0.004490
0.593830 0.003667
0.804837 0.003522
0.818991 0.004416
0.688608 0.004456
0.879291 0.003872
0.710594 0.006172
0.692375 0.003021
0.699595 0.005380
0.799312 0.006129
0.494097 0.008315
0.747264 0.007280
0.829176 0.007504
0.802960 0.005506
0.789735 0.007686
0.740358 0.003603
0.676291 0.004427
0.750852 0.006656
0.804497 0.005416
0.641418 0.003946
0.936792 0.006087
0.641601 0.003540
0.705914 0.005899
0.761530 0.007396
0.836029 0.005283
0.633693 0.003972
0.827091 0.005585
0.684008 0.005615
0.816965 0.007644
0.858430 0.004920
0.758155 0.004400
0.735485 0.005456
0.777885 0.003458
0.695418 0.004252
0.707953 0.003677
0.741297 0.008121
0.818814 0.003745
0.892877 0.003590
0.937659 0.006982
0.710138 0.007517
0.714396 0.005123
0.763770 0.006957
0.746864 0.003450
0.790046 0.004382
0.665530 0.006859
0.630143 0.004882
0.687860 0.007868
0.782536 0.006542
0.788397 0.005486
0.812108 0.005863
0.834222 0.005299
0.627690 0.002485
0.764606 0.006147
0.819603 0.007359
0.841905 0.009092
0.745428 0.003438
0.875120 0.005430
0.575499 0.005627
0.783809 0.004613
0.884134 0.007828
0.802406 0.005557
0.634769 0.004536
0.889329 0.008065
0.847166 0.008013
0.820549 0.004469
0.502250 0.004716
0.658108 0.007135
0.482700 0.004520
0.737847 0.006971
0.682577 0.005327
0.821711 0.008443
0.757527 0.004382
0.837586 0.004492
0.836132 0.007333
0.738196 0.008799
0.788670 0.007769
0.736131 0.006035
0.744412 0.008347
0.798453 0.005530
0.537607 0.002577
0.856887 0.007355
0.657988 0.003579
0.691799 0.006138
0.741943 0.006511
0.763718 0.007157
0.976534 0.007818
0.709382 0.008111
0.711703 0.003891
0.770848 0.006687
0.799764 0.007559
0.786510 0.005524
0.597649 0.003873
0.636382 0.002579
0.858561 0.006905
0.770004 0.003048
0.745858 0.003467
0.797415 0.007020
0.831148 0.005217
0.853278 0.007071
0.798035 0.004848
0.877681 0.005937
0.963694 0.007482
0.879923 0.005271
0.857991 0.002520
0.747540 0.005837
0.546640 0.007784
0.828706 0.004894
0.839915 0.005254
0.696005 0.003573
0.179829 0.006594
0.512785 0.004456
0.757695 0.005467
0.753554 0.005713
0.606888 0.002577
0.599695 0.002531
0.904253 0.008323
0.604551 0.002991
0.774907 0.006578
0.757547 0.004188
0.709609 0.003903
0.850582 0.008112
0.771385 0.006002
0.563392 0.002948
0.846465 0.003898
0.760010 0.002733
0.562195 0.004357
0.821519 0.007285
0.825876 0.007700
0.739106 0.008278
0.775710 0.006220
0.000000 0.004016
0.682165 0.002654
0.633107 0.005099
0.744252 0.004050
0.725879 0.005041
0.841960 0.007271
0.802468 0.003900
0.867724 0.003896
0.839966 0.007814
0.974629 0.006514
0.677119 0.006119
0.751081 0.007160
0.868771 0.006572
0.733394 0.006799
0.751904 0.002642
0.663528 0.006644
0.700125 0.006239
0.756227 0.004675
0.669783 0.005219
0.577639 0.003649
0.688835 0.003028
0.245305 0.005797
0.848377 0.006745
0.644284 0.007587
0.753470 0.002997
0.899561 0.005162
0.823773 0.002554
0.484808 0.005378
0.694639 0.006159
0.756106 0.005543
0.853683 0.006065
0.732619 0.007179
0.852586 0.006984
0.805266 0.006777
0.920615 0.008286
0.840525 0.005513
0.713006 0.002540
0.975077 0.005083
0.874506 0.005497
0.654218 0.006580
0.705722 0.006804
0.866016 0.005507
0.889563 0.004549
0.692642 0.003050
0.785608 0.003011
0.917055 0.006515
0.811921 0.005658
0.706738 0.004522
0.858666 0.007364
0.743203 0.003772
0.724800 0.005970
0.781377 0.004894
0.479851 0.003353
0.850968 0.006677
0.764266 0.004784
0.507134 0.007535
0.566176 0.006039
0.689094 0.003859
0.822749 0.007758
0.594538 0.005629
0.871999 0.007307
0.823869 0.003543
0.808360 0.010847
0.812510 0.005321
0.547863 0.007157
0.643987 0.006369
0.815231 0.007181
0.794621 0.005471
0.745236 0.003752
0.880683 0.008124
0.745725 0.007880
0.667153 0.004379
0.634490 0.003640
0.369314 0.003375
0.511739 0.003931
0.418097 0.006006
0.566546 0.004396
0.623528 0.005905
0.711343 0.007166
0.670091 0.004200
0.399297 0.003365
0.851225 0.005919
0.699780 0.005379
0.807061 0.004729
0.416597 0.006320
0.586287 0.006499
0.886285 0.009474
0.518576 0.004665
0.647126 0.004718
0.708131 0.005868
0.800964 0.008009
0.705485 0.005439
0.748785 0.003770
0.647779 0.005426
0.763230 0.006742
0.939296 0.007948
0.833861 0.005315
0.746542 0.004468
0.730915 0.006124
0.797983 0.007264
0.568219 0.004354
0.563937 0.007318
0.811946 0.007784
0.738117 0.005992
0.705998 0.003438
0.672338 0.003536
0.709915 0.003891
0.791499 0.006970
0.730332 0.007822
0.866249 0.007894
0.506002 0.005059
0.717201 0.006452
0.820531 0.003874
0.790122 0.005422
0.696413 0.006851
0.667916 0.005306
0.841672 0.005870
0.846979 0.005772
0.804940 0.005783
0.550689 0.009012
0.711182 0.006281
0.803632 0.006979
0.733416 0.004645
0.642520 0.008702
0.607158 0.004303
0.587181 0.004971
0.600274 0.004837
0.521914 0.006196
0.614016 0.004410
0.867990 0.004506
0.387453 0.006506
0.885091 0.003824
0.799562 0.005727
0.789345 0.005745
0.604478 0.005626
0.851266 0.005461
0.848607 0.005479
0.567187 0.003992
0.692763 0.006069
0.669797 0.006880
0.914177 0.006258
0.728721 0.004623
0.728654 0.004257
0.731507 0.003922
0.601772 0.004396
0.731772 0.007869
0.747614 0.005203
0.705116 0.003607
0.793604 0.007337
0.804444 0.007828
0.736738 0.007398
0.642064 0.006195
0.573457 0.004668
0.597089 0.006428
0.625206 0.004781
0.668727 0.004127
0.713029 0.007885
0.864076 0.008354
0.869885 0.004830
0.721268 0.006382
0.763346 0.007363
0.702456 0.003980
0.838321 0.006752
0.620273 0.005476
0.812563 0.007724
0.772328 0.006820
0.608395 0.005776
0.625649 0.008888
0.754933 0.002861
0.705020 0.007139
0.684412 0.003361
0.686875 0.004169
0.832258 0.006877
0.599981 0.004380
0.772565 0.006585
0.771575 0.005094
0.698408 0.007334
0.797751 0.006518
0.568758 0.007699
0.703956 0.006066
0.696298 0.005453
0.708569 0.005046
0.837880 0.005391
0.700932 0.004355
0.950532 0.004781
0.731435 0.004862
0.809624 0.007854
0.819922 0.007911
0.592873 0.003882
0.749355 0.005578
0.753731 0.005061
0.672911 0.004205
0.871530 0.008043
0.496334 0.003517
0.819918 0.005032
0.787713 0.003418
0.739900 0.006170
0.758732 0.007587
0.826984 0.007319
0.857451 0.005551
0.634210 0.003648
0.774638 0.004882
0.839354 0.006615
0.823497 0.005920
0.700984 0.005269
0.717186 0.006288
0.907327 0.007414
0.768557 0.003428
0.854822 0.006217
0.616742 0.004449
0.513069 0.005429
0.602091 0.004339
0.543420 0.008665
0.813479 0.003867
0.691070 0.005524
0.619386 0.007302
0.519909 0.004367
0.723828 0.004335
0.769504 0.006408
0.593769 0.003967
0.788061 0.007920
0.764830 0.009780
0.740266 0.005185
0.644661 0.005915
0.800153 0.008097
0.704488 0.008020
0.693359 0.006125
0.867817 0.004326
0.844093 0.005522
0.850488 0.004419
0.767058 0.004768
0.735357 0.004128
0.749958 0.006793
0.849546 0.006191
0.788487 0.005462
0.618155 0.003409
0.672912 0.006401
0.531562 0.005350
0.716050 0.003841
0.727414 0.005677
0.737983 0.007173
0.640262 0.007434
0.776682 0.008543
0.812898 0.007838
0.856218 0.002552
0.557724 0.003742
0.775326 0.004594
0.585546 0.006001
0.812590 0.005815
0.864754 0.003668
0.803033 0.008762
0.821832 0.004764
0.813479 0.007390
0.703959 0.006634
0.796064 0.005846
0.751543 0.006587
0.704481 0.004824
0.806920 0.005814
0.816352 0.008566
0.504151 0.004000
0.543451 0.006643
0.602098 0.003816
0.622350 0.004930
0.815366 0.006017
0.834468 0.007033
0.732175 0.003959
0.729557 0.004760
0.509766 0.006221
0.829949 0.002569
0.732105 0.007536
0.635102 0.005909
0.832953 0.004766
0.789982 0.003550
0.847249 0.006060
0.806265 0.003696
0.722105 0.006188
0.813174 0.005361
0.815150 0.005391
0.614866 0.003419
0.726030 0.006881
0.616522 0.004451
0.777758 0.006556
0.403172 0.005582
0.923614 0.006415
0.692288 0.004392
0.825655 0.003963
0.820240 0.006711
0.877261 0.007746
0.520127 0.004464
0.572743 0.004586
0.643196 0.007461
0.868056 0.009478
0.650904 0.005162
0.886092 0.006614
0.749048 0.005362
0.685866 0.001579
0.722661 0.009570
0.802995 0.006009
0.696844 0.004953
0.868365 0.007182
0.736536 0.006740
0.654979 0.003433
0.763975 0.006090
0.776665 0.006438
0.859202 0.006176
0.728631 0.006737
0.774279 0.004912
0.687696 0.004573
0.661826 0.004663
0.893347 0.007671
0.632538 0.008679
0.701732 0.008042
0.615677 0.007488
0.859048 0.005283
0.717603 0.003488
0.763494 0.003586
0.643377 0.006425
0.583104 0.006993
0.810504 0.004314
0.639864 0.006152
0.816272 0.003484
0.618853 0.006716
0.616162 0.005375
0.823595 0.006034
0.740313 0.005876
0.726525 0.003891
0.811728 0.008162
0.706870 0.008600
0.875996 0.006331
0.796850 0.005957
0.769236 0.006918
0.553723 0.008002
0.510714 0.005395
0.779417 0.004952
0.612856 0.007386
0.855620 0.006375
0.835921 0.004539
0.533737 0.005416
0.164289 0.006026
0.463003 0.004458
0.797051 0.004011
0.627489 0.008118
0.760803 0.005039
0.627319 0.010171
0.667633 0.004515
0.664589 0.004330
0.964248 0.007873
0.739460 0.005998
0.844909 0.006213
0.511247 0.006387
0.749661 0.004301
0.581302 0.006303
0.397138 0.006253
0.656648 0.005096
0.739425 0.005666
0.734943 0.005411
0.732365 0.005376
0.636208 0.006109
0.798483 0.004542
0.704530 0.006542
0.823280 0.006527
0.451719 0.005999
0.770732 0.007797
0.849644 0.006568
0.856739 0.003580
0.629143 0.006542
0.680838 0.005410
0.736064 0.006036
0.944102 0.003659
0.606533 0.005149
0.779643 0.007582
0.781092 0.007437
0.734148 0.008375
0.693765 0.005862
0.790288 0.005286
0.903352 0.004734
0.733753 0.003554
0.827629 0.003396
0.849610 0.006057
0.793347 0.006214
0.865567 0.005915
0.774568 0.006380
0.785266 0.003741
0.725097 0.005989
0.677247 0.007163
0.612003 0.004455
0.569443 0.004755
0.557264 0.007403
0.834573 0.004363
0.522555 0.004102
0.800533 0.004755
0.576368 0.007572
0.770660 0.007522
0.835874 0.007078
0.713523 0.004837
0.706119 0.005865
0.764440 0.006882
0.853485 0.006299
0.750221 0.005486
0.884919 0.007542
0.593480 0.005771
0.579280 0.004307
0.864845 0.004409
0.743456 0.006695
0.568544 0.005455
0.927659 0.006444
0.660754 0.009020
0.628085 0.009417
0.757240 0.005777
0.821688 0.004447
0.683825 0.004532
0.762643 0.005079
0.761802 0.003714
0.834735 0.005287
0.854130 0.003760
0.818258 0.003876
0.687838 0.006628
0.918596 0.005724
0.567894 0.006019
0.824152 0.006606
0.904718 0.005214
0.761215 0.005955
0.754901 0.003357
0.847342 0.004369
0.752390 0.006167
0.877161 0.006905
0.881247 0.006920
0.703329 0.005603
0.375801 0.007894
0.452399 0.005566
0.846841 0.006244
0.697954 0.005744
0.810320 0.005309
0.751989 0.003711
0.796961 0.003380
0.833509 0.005314
0.914773 0.003731
0.684158 0.005969
0.726418 0.005775
0.901165 0.005207
0.585541 0.007463
0.669009 0.005810
0.735355 0.007846
0.713210 0.005899
0.791665 0.007366
0.888946 0.004416
0.801735 0.003903
0.709103 0.001939
0.813849 0.005777
0.578608 0.005820
0.695056 0.004963
0.821304 0.006239
0.652329 0.003470
0.872662 0.005393
0.724470 0.002546
0.587503 0.004442
0.697987 0.006167
0.897537 0.004018
0.918788 0.003898
0.854950 0.003358
0.797834 0.006665
0.795612 0.003730
0.793961 0.005628
0.552075 0.006149
0.832403 0.004436
0.782891 0.005480
0.790209 0.006216
0.764896 0.006807
0.872680 0.007349
0.859799 0.005519
0.548757 0.006053
0.716457 0.007627
0.804032 0.004975
0.666596 0.006709
0.643078 0.008058
0.808726 0.007081
0.617999 0.006471
0.797961 0.006648
0.732090 0.003918
0.776686 0.007282
0.496919 0.005839
0.899520 0.006096
0.721779 0.006207
0.793616 0.007985
0.726443 0.002824
0.788004 0.002706
0.544822 0.005868
0.805922 0.003540
0.691722 0.004393
0.725625 0.007930
0.766665 0.004516
0.772260 0.005235
0.913898 0.004322
0.595640 0.006638
0.716134 0.005469
0.756189 0.004440
0.828933 0.002550
0.858852 0.005068
0.763007 0.003789
0.819292 0.004311
0.473985 0.006451
0.811184 0.005394
0.800855 0.006584
0.672852 0.008678
0.845051 0.007072
0.740985 0.003583
0.322472 0.007448
0.616226 0.007609
0.909082 0.003818
0.844000 0.008150
0.779574 0.006061
0.876334 0.003877
0.718578 0.006264
0.836956 0.007424
0.912426 0.003709
0.601665 0.006080
0.809876 0.005275
0.758595 0.004464
0.806669 0.003612
0.805333 0.006668
0.577039 0.005787
0.535849 0.005404
0.831115 0.003426
0.847855 0.003010
0.388694 0.005295
0.767047 0.006765
0.725410 0.008161
0.920094 0.005363
0.516858 0.003520
0.757223 0.004274
0.725890 0.005157
0.842493 0.006984
0.917587 0.005506
0.489589 0.009198
0.717835 0.003601
0.861738 0.005304
0.697990 0.006848
0.834861 0.005961
0.787900 0.006893
0.887954 0.003731
0.759940 0.003824
0.669015 0.004581
0.729953 0.004058
0.805799 0.006656
0.797787 0.006748
0.598551 0.006620
0.697214 0.006231
0.694149 0.007025
0.652219 0.003530
0.590763 0.006155
0.946110 0.003742
0.702628 0.003524
0.785701 0.006398
0.570851 0.005850
0.767141 0.005012
0.778543 0.005914
0.573174 0.006941
0.844427 0.007516
0.583126 0.005065
0.816027 0.005534
0.839590 0.006309
0.948623 0.005352
0.024950 0.002569
0.812915 0.007969
0.633216 0.006951
0.645193 0.005373
0.770809 0.007297
0.794863 0.003589
0.754224 0.003927
0.593711 0.003411
0.859730 0.007015
0.866753 0.004758
0.851957 0.005957
0.621025 0.007997
0.778519 0.005948
0.731799 0.006660
0.640324 0.008349
0.763128 0.003730
0.462256 0.007329
0.670385 0.006921
0.699938 0.002009
0.934157 0.005243
0.735988 0.005887
0.728373 0.006646
0.888076 0.005965
0.832727 0.005400
0.821003 0.003918
0.880991 0.004471
0.592871 0.003577
0.862448 0.006072
0.825832 0.006613
0.534728 0.006819
0.917821 0.006054
0.786291 0.003864
0.660346 0.006620
0.589672 0.008071
0.838798 0.006365
0.807342 0.004449
0.832168 0.003807
0.783746 0.005862
0.664475 0.007880
0.861493 0.005950
0.567600 0.006971
0.772444 0.007332
0.770628 0.006256
0.690700 0.008209
0.708965 0.005177
0.883198 0.005703
0.692498 0.007046
0.774293 0.006695
0.857360 0.005531
0.502549 0.004846
0.798298 0.005437
0.890413 0.002589
0.842537 0.007012
0.835366 0.003884
0.770442 0.002979
0.756457 0.005310
0.825310 0.006107
0.935094 0.003793
0.803700 0.005405
0.035058 0.004891
0.768106 0.003733
0.776977 0.002561
0.899656 0.007568
0.852233 0.007277
0.754497 0.005002
0.727428 0.007847
0.846385 0.004746
0.884892 0.005319
0.494894 0.004848
0.903196 0.004389
0.700063 0.004733
0.924394 0.005230
0.644516 0.006552
0.754859 0.005534
0.835804 0.003759
0.947439 0.005508
0.951443 0.007113
0.856418 0.006002
0.948555 0.005454
0.884590 0.007520
0.942322 0.004916
0.449332 0.006919
0.885700 0.006928
0.773976 0.003157
0.518307 0.005363
0.756763 0.003724
0.547703 0.005702
0.745454 0.005164
0.719239 0.002525
0.896785 0.004780
0.574364 0.004068
0.707912 0.004669
0.818164 0.004770
0.944076 0.006481
0.922287 0.007053
0.795917 0.004459
0.842636 0.006056
0.918409 0.004360
0.815488 0.003884
0.957978 0.005088
0.927997 0.004794
0.011022 0.002698
0.826161 0.004309
0.844265 0.006106
0.840850 0.004425
0.712930 0.006284
0.799874 0.005378
0.910608 0.002828
0.744269 0.005641
0.757195 0.006634
0.749518 0.006447
0.842881 0.005067
0.908888 0.003955
0.846240 0.004843
0.810971 0.003453
0.758822 0.004211
0.854687 0.006241
0.741750 0.003571
0.807640 0.003172
0.727774 0.002942
0.834741 0.003583
0.791535 0.005279
0.522394 0.003726
0.766458 0.005362
0.768794 0.006935
0.670655 0.004222
0.495076 0.006008
0.870944 0.004329
0.831850 0.005912
0.822217 0.006304
0.686621 0.002742
0.803215 0.003463
0.681237 0.005814
0.731458 0.003117
0.784267 0.007715
0.775926 0.005992
0.923703 0.006786
0.812338 0.003741
0.859378 0.005534
0.809225 0.004704
0.818819 0.003661
0.866495 0.004477
0.906906 0.003707
0.854155 0.003691
0.754457 0.006151
0.697326 0.005586
0.697430 0.007416
0.825211 0.004736
0.862598 0.003467
0.295895 0.005296
0.817928 0.003002
0.946974 0.004679
0.830358 0.005508
0.818197 0.003653
0.828543 0.005389
0.294797 0.004951
0.568781 0.003738
0.926787 0.002971
0.707936 0.002017
0.518353 0.008379
0.220557 0.005192
0.872471 0.004868
0.816270 0.008148
0.808477 0.007716
0.778324 0.012096
0.953235 0.005946
0.871509 0.005742
0.768741 0.008650
0.779159 0.006826
0.722192 0.005624
0.817598 0.003579
0.878863 0.004111
0.901688 0.002764
0.888436 0.007264
0.744562 0.006200
0.914537 0.005331
0.774892 0.003922
0.827490 0.001418
0.705689 0.004073
0.807097 0.003629
0.916385 0.005562
0.885586 0.007621
0.815261 0.002986
0.896939 0.003653
0.799966 0.003593
0.860032 0.006171
0.686120 0.003890
0.801594 0.005825
0.828009 0.003989
0.792618 0.005085
0.872335 0.002528
0.611126 0.006155
0.873786 0.005129
0.861247 0.007774
0.658802 0.005533
0.874326 0.005432
0.905602 0.003646
0.739302 0.005034
0.862947 0.003886
0.623950 0.006416
0.691974 0.002005
0.887575 0.004232
0.688173 0.004381
0.844095 0.004969
0.919951 0.003992
0.820785 0.005991
0.781663 0.002601
0.983701 0.008277
0.743242 0.007796
0.782198 0.010580
0.676855 0.004666
0.866715 0.016483
0.602296 0.006971
0.894039 0.003525
0.712328 0.003067
0.653488 0.003862
0.948627 0.005930
0.859580 0.004307
0.839492 0.002861
0.681040 0.002747
0.879325 0.003651
0.657722 0.007437
0.727455 0.003026
0.881545 0.002854
0.860146 0.008387
0.595359 0.011127
0.743201 0.003995
0.874834 0.005147
0.933702 0.003645
0.906161 0.005485
0.813752 0.002061
0.833588 0.004650
0.542060 0.003209
0.880562 0.004691
0.557928 0.007728
0.753910 0.002779
0.870126 0.006544
0.730034 0.003944
0.846906 0.005052
0.799931 0.005811
0.925355 0.004459
0.893438 0.005980
0.650677 0.003785
0.689794 0.004715
0.947701 0.003669
0.856185 0.006212
0.853314 0.004040
0.793043 0.004893
0.764386 0.005197
0.863571 0.002548
0.776711 0.005402
0.653205 0.002830
0.892334 0.005128
0.866266 0.003789
0.934660 0.004396
0.784799 0.004137
0.930328 0.006685
0.723733 0.004178
0.843492 0.003046
0.712694 0.005973
0.685557 0.002977
0.731569 0.002038
0.878364 0.004544
0.807995 0.003333
0.833967 0.006589
0.922354 0.003576
0.908108 0.006608
0.827006 0.004436
0.877517 0.004474
0.854218 0.007573
0.879024 0.003083
0.625635 0.003660
0.825258 0.005001
0.438861 0.006855
0.816741 0.004776
0.777661 0.003033
0.826337 0.003620
0.863604 0.003178
0.935272 0.003520
0.834485 0.007626
0.786161 0.003819
0.674546 0.005547
0.755915 0.003950
0.885236 0.004553
0.708011 0.006473
0.914831 0.005488
0.815027 0.006274
0.872309 0.004033
0.780495 0.003326
0.832493 0.007784
0.796381 0.003432
0.809549 0.003637
0.912877 0.006033
0.885384 0.003954
0.849684 0.002487
0.892381 0.003661
0.158571 0.005514
0.620741 0.005211
0.773045 0.002093
0.817512 0.003528
0.809851 0.007412
0.584369 0.007232
0.504932 0.005025
0.870096 0.006667
0.523437 0.004585
0.802238 0.004119
0.879676 0.004175
0.804794 0.002808
0.604728 0.004225
0.936672 0.005158
0.834955 0.005327
0.614830 0.003252
0.625856 0.004146
0.854958 0.003973
0.838121 0.003647
0.811428 0.005703
0.662459 0.005223
0.810855 0.005407
0.849878 0.006467
0.914604 0.006059
0.764498 0.006816
0.542499 0.005365
0.913598 0.004489
0.796846 0.006067
0.887593 0.005233
0.703764 0.003011
0.818104 0.006247
0.742547 0.004126
0.840827 0.007064
0.905703 0.006508
0.858350 0.005375
0.809456 0.003741
0.825089 0.004527
0.787314 0.006590
0.893573 0.005128
0.730301 0.004113
0.968082 0.004592
0.760645 0.003172
0.837183 0.004472
0.836609 0.004002
0.860644 0.005661
0.808630 0.004323
0.743598 0.006964
0.551875 0.004895
0.867908 0.003846
0.829053 0.005602
0.060319 0.004337
0.805386 0.002048
0.858023 0.004512
0.355545 0.002980
0.868519 0.003602
0.548628 0.004128
0.621548 0.005483
0.692265 0.002030
0.886695 0.006239
0.804133 0.004142
0.889782 0.005768
0.855505 0.005697
0.804403 0.003772
0.709601 0.002782
0.765537 0.003640
0.799849 0.006674
0.806132 0.005461
0.770964 0.007652
0.793894 0.003222
0.633262 0.003256
0.974841 0.004697
0.749095 0.002886
0.692007 0.005233
0.963242 0.004177
0.841543 0.004535
0.913062 0.003515
0.890910 0.003717
0.780951 0.007070
0.921865 0.006547
0.494996 0.003144
0.811406 0.006138
0.789899 0.005896
0.720957 0.003450
0.133272 0.006412
0.875464 0.006376
0.812156 0.003664
0.843050 0.003618
0.862499 0.006337
0.897227 0.004001
0.787625 0.005781
0.683624 0.003111
0.829222 0.005728
0.924074 0.004591
0.919756 0.005059
0.836299 0.006441
0.925954 0.008286
0.876129 0.007068
0.797249 0.001956
0.799780 0.002075
0.836723 0.004347
0.963848 0.003998
0.760406 0.003513
0.824433 0.005255
0.789798 0.003098
0.903006 0.007284
0.353988 0.004406
0.922818 0.003655
0.599471 0.005068
0.922612 0.005980
0.647913 0.003445
0.839430 0.004980
0.827681 0.004691
0.850177 0.006299
0.817747 0.005237
0.572743 0.004513
0.753330 0.005460
0.818359 0.004834
0.824811 0.003685
0.902054 0.006506
0.878827 0.004666
0.800868 0.002861
0.788710 0.005632
0.701776 0.003826
0.833669 0.006492
0.865907 0.003265
0.753822 0.002692
0.948876 0.005902
0.553888 0.005426
0.804229 0.002868
0.760645 0.004499
0.658993 0.002895
0.779120 0.008530
0.934275 0.003181
0.775847 0.004987
0.732931 0.004508
0.904856 0.004128
0.750136 0.006136
0.743286 0.005344
0.179059 0.005133
0.939493 0.005407
0.678748 0.006034
0.781404 0.005019
0.634331 0.005430
0.485533 0.006544
0.861214 0.003480
0.799778 0.003157
0.860809 0.002598
0.786748 0.004000
0.898829 0.005446
0.782589 0.004217
0.781296 0.002613
0.878239 0.008749
0.877157 0.006212
0.811885 0.003672
0.828835 0.005622
0.765836 0.004544
0.809592 0.004097
0.690362 0.006739
0.887765 0.004198
0.884548 0.003714
0.777405 0.002560
0.757903 0.003148
0.883144 0.004621
0.864916 0.006319
0.750014 0.004030
0.701021 0.003209
0.725482 0.006205
0.703261 0.004756
0.821273 0.007885
0.313962 0.003925
0.950561 0.006748
0.845818 0.005964
0.860871 0.005466
0.854801 0.007033
0.896362 0.002973
0.762608 0.006880
0.888262 0.005360
0.763554 0.005479
0.388144 0.004459
0.805601 0.003093
0.738000 0.006261
0.706213 0.003816
0.900634 0.004508
0.792103 0.004004
0.796422 0.004410
0.648883 0.002599
0.797218 0.004255
0.822421 0.007575
0.783550 0.003934
0.706937 0.006927
0.845428 0.003940
0.880462 0.004436
0.849054 0.004986
0.902294 0.006411
0.906239 0.004575
0.660300 0.005252
0.914848 0.006156
0.811642 0.001679
0.840774 0.004370
0.840489 0.004539
0.789814 0.002933
0.770183 0.006290
0.812169 0.005783
0.708743 0.004860
0.644812 0.003598
0.812579 0.004797
0.673864 0.002903
0.787237 0.005983
0.732181 0.003274
0.666485 0.005475
0.673380 0.003774
0.847908 0.004055
0.697959 0.003886
0.574464 0.003921
0.603525 0.004951
0.732825 0.003566
0.971441 0.005277
0.670160 0.002614
0.794230 0.004354
0.665526 0.003862
0.691511 0.003604
0.578424 0.003557
0.607898 0.004579
0.790115 0.003495
0.706008 0.002653
0.690570 0.004511
0.706402 0.006244
0.747515 0.001955
0.765284 0.006219
0.775556 0.005436
0.607496 0.003966
0.732894 0.005429
0.759352 0.003886
0.734569 0.005369
0.508630 0.006130
0.395315 0.006518
0.577309 0.001628
0.803348 0.005399
0.733765 0.006094
0.735144 0.003514
0.735714 0.003781
0.713837 0.003856
0.523917 0.002515
0.719847 0.003473
0.702214 0.006139
0.570353 0.004144
0.555192 0.002844
0.705352 0.003587
0.726841 0.006550
0.466311 0.002688
0.769682 0.006347
0.911531 0.003455
0.602772 0.003631
0.772310 0.004104
0.697873 0.003522
0.591658 0.005310
0.663041 0.003859
0.713467 0.007378
0.765849 0.002604
0.695234 0.003557
0.787304 0.003470
0.748576 0.006218
0.533306 0.003799
0.534753 0.006495
0.788340 0.002595
0.695198 0.002517
0.700674 0.005498
0.815282 0.005456
0.852285 0.005955
0.699190 0.002531
0.733003 0.003139
0.796023 0.003950
0.573688 0.003531
0.726815 0.003642
0.582499 0.003682
0.590999 0.002925
0.766594 0.006185
0.726344 0.003433
0.705694 0.004560
0.693610 0.002565
0.609150 0.006655
0.729545 0.006304
0.780046 0.004404
0.851033 0.006618
0.006461 0.004611
0.587806 0.001883
0.813789 0.006178
0.507031 0.002622
0.660360 0.006022
0.625730 0.002680
0.558070 0.003556
0.800837 0.005589
0.531890 0.001614
0.620845 0.005374
0.503709 0.002574
0.767215 0.003617
0.540386 0.001317
0.709037 0.005676
0.874916 0.006543
0.667019 0.005372
0.766989 0.002499
0.741034 0.005253
0.447092 0.004894
0.831162 0.006027
0.765153 0.005347
0.777096 0.004711
0.552302 0.004445
0.821471 0.007746
0.645295 0.007264
0.627464 0.004508
0.431472 0.001364
0.636440 0.002707
0.646168 0.002650
0.661978 0.006246
0.698657 0.006850
0.572821 0.003555
0.805365 0.003549
0.269272 0.006099
0.589612 0.003512
0.717063 0.003762
0.752476 0.004185
0.727551 0.002646
0.664020 0.004506
0.504035 0.002882
0.558771 0.005231
0.562477 0.003517
0.843388 0.006121
0.601690 0.002513
0.614894 0.005101
0.572661 0.003077
0.715268 0.003011
0.659573 0.006277
0.879954 0.004071
0.315225 0.006165
0.705684 0.005155
0.453368 0.005810
0.033498 0.004054
0.691791 0.001402
0.670690 0.001970
0.486550 0.004409
0.541349 0.004555
0.843710 0.007086
0.400322 0.008048
0.772525 0.004130
0.656934 0.005986
0.343309 0.003890
0.369188 0.007077
0.473285 0.003777
0.676080 0.006464
0.673868 0.002907
0.697895 0.004649
0.740554 0.005119
0.802555 0.006932
0.708531 0.002999
0.537565 0.002920
0.000000 0.003956
0.782097 0.002523
0.659317 0.003488
0.888084 0.005080
0.864962 0.005788
0.665988 0.003511
0.897740 0.006135
0.712154 0.003626
0.579502 0.004382
0.638348 0.003949
0.833235 0.005432
0.746637 0.004724
0.867804 0.006067
0.755669 0.003703
0.636773 0.002980
0.685621 0.006081
0.672725 0.003548
0.736124 0.002635
0.830340 0.005352
0.860730 0.004346
0.756018 0.004501
0.821881 0.004942
0.638682 0.004627
0.674820 0.006085
0.669027 0.006210
0.816397 0.003229
0.682801 0.006525
0.093135 0.003526
0.584281 0.005368
0.770864 0.003600
0.747918 0.005350
0.738850 0.003557
0.749872 0.003049
0.323390 0.006366
0.602185 0.003502
0.689846 0.001907
0.750475 0.004454
0.706670 0.003932
0.728080 0.005387
0.672830 0.005843
0.792646 0.001909
0.810456 0.003387
0.744800 0.006184
0.345543 0.004355
0.739537 0.003761
0.575657 0.003553
0.882343 0.006147
0.595492 0.003852
0.660937 0.002005
0.743950 0.004401
0.516784 0.002579
0.726181 0.005239
0.505539 0.005568
0.592873 0.002512
0.702650 0.007105
0.463573 0.005488
0.787739 0.003936
0.764624 0.003576
0.744373 0.002655
0.783279 0.007510
0.261165 0.005976
0.773847 0.003348
0.000000 0.004403
0.667707 0.003628
0.277328 0.001611
0.748064 0.002651
0.018951 0.006888
0.951535 0.003917
0.622108 0.005376
0.718609 0.005735
0.618217 0.006001
0.803289 0.002711
0.696347 0.003734
0.799791 0.004473
0.794844 0.005456
0.728222 0.006156
0.551119 0.001849
0.353662 0.003529
0.580995 0.003895
0.740050 0.004415
0.763969 0.004524
0.926305 0.004951
0.836923 0.006163
0.907914 0.004148
0.290894 0.005165
0.673455 0.004409
0.617754 0.002627
0.866876 0.003736
0.857561 0.003411
0.619775 0.005334
0.610382 0.006563
0.563652 0.002620
0.644768 0.002532
0.722994 0.002958
0.595670 0.003546
0.718760 0.002614
0.771047 0.003883
0.858287 0.005903
0.753406 0.005478
0.789533 0.006070
0.741690 0.005115
0.606326 0.005372
0.629802 0.004168
0.556337 0.003841
0.741254 0.004316
0.695744 0.006146
0.833554 0.003547
0.614825 0.005770
0.746120 0.005436
0.747080 0.003589
0.808684 0.005499
0.488705 0.005959
0.640472 0.003665
0.812995 0.005179
0.733738 0.004846
0.664101 0.002698
0.749562 0.003656
0.769392 0.005537
0.822359 0.005332
0.873686 0.005549
0.803785 0.006987
0.577508 0.002538
0.500231 0.006413
0.760312 0.002952
0.708463 0.006019
0.775715 0.003501
0.878802 0.006113
0.805982 0.003818
0.667750 0.005436
0.717308 0.006098
0.815415 0.004249
0.908896 0.006279
0.813580 0.004908
0.538259 0.005332
0.546084 0.001872
0.477635 0.004396
0.794352 0.003803
0.882185 0.005943
0.868716 0.006300
0.697034 0.003544
0.527908 0.004119
0.617468 0.002543
0.600395 0.004460
0.653204 0.002853
0.799975 0.007052
0.684095 0.003614
0.291888 0.005559
0.893798 0.006111
0.602512 0.006027
0.642511 0.005576
0.668230 0.004464
0.534566 0.005224
0.801708 0.003413
0.726213 0.001900
0.714609 0.004382
0.566028 0.007011
0.664851 0.004561
0.664735 0.004582
