0.794341 0.010372
0.737123 0.002550
0.774789 0.004910
0.758202 0.005285
0.668609 0.003557
0.595049 0.002561
0.768240 0.006661
0.608191 0.002116
0.842487 0.005674
0.701781 0.003633
0.653367 0.003741
0.774661 0.007751
0.746386 0.005227
0.754479 0.007232
0.780647 0.005948
0.859642 0.006060
0.701957 0.005488
0.919028 0.004702
0.437382 0.003651
0.793063 0.003463
0.828763 0.005581
0.832825 0.004701
0.862332 0.002265
0.850452 0.007207
0.827249 0.005404
0.738255 0.005756
0.847304 0.004546
0.756954 0.004443
0.624694 0.004429
0.589415 0.005324
0.684208 0.002695
0.894995 0.006666
0.507776 0.002647
0.776867 0.002670
0.709580 0.004485
0.796943 0.003007
0.798687 0.001325
0.793362 0.005384
0.651493 0.004079
0.660700 0.002666
0.767867 0.005162
0.655916 0.004532
0.761362 0.005406
0.621378 0.002711
0.781363 0.004510
0.583173 0.004017
0.726909 0.003514
0.776560 0.004386
0.748920 0.002738
0.315100 0.002875
0.747409 0.004514
0.765339 0.005459
0.880797 0.003636
0.810362 0.003444
0.808447 0.005072
0.788509 0.002975
0.802499 0.003625
0.686567 0.003870
0.437854 0.006042
0.743219 0.003675
0.669636 0.005445
0.643743 0.003678
0.845536 0.003635
0.568167 0.004360
0.658873 0.003087
0.842288 0.004517
0.647021 0.005322
0.856715 0.002629
0.643150 0.002683
0.678077 0.003716
0.761387 0.003602
0.586919 0.005442
0.689631 0.001678
0.744317 0.002870
0.574944 0.007108
0.823515 0.006374
0.707632 0.006077
0.643600 0.005853
0.798030 0.005466
0.747616 0.005579
0.732006 0.003731
0.712135 0.007066
0.538587 0.005469
0.658012 0.006107
0.852501 0.004993
0.701095 0.003679
0.750061 0.004420
0.831365 0.008049
0.668528 0.004550
0.695023 0.006916
0.787637 0.002618
0.678346 0.003379
0.736356 0.003603
0.780849 0.003472
0.822934 0.003931
0.717027 0.003613
0.714336 0.003658
0.554718 0.006276
0.793553 0.002581
0.758737 0.005225
0.633888 0.003681
0.764563 0.002985
0.641545 0.004078
0.752976 0.002680
0.771504 0.007518
0.497658 0.003946
0.712385 0.002979
0.826130 0.004293
0.854627 0.007469
0.687689 0.004616
0.765252 0.003368
0.756228 0.003657
0.701164 0.003537
0.667419 0.003651
0.797705 0.004586
0.834719 0.005750
0.745654 0.006330
0.694499 0.003134
0.716063 0.006238
0.922667 0.006275
0.773599 0.005445
0.814698 0.002901
0.735418 0.005385
0.617477 0.003378
0.668542 0.003219
0.713072 0.006053
0.663677 0.005027
0.748185 0.002326
0.682645 0.006043
0.590445 0.004784
0.681509 0.006522
0.643405 0.002887
0.723371 0.003066
0.729587 0.005279
0.751356 0.003249
0.873688 0.006920
0.716186 0.002728
0.796846 0.006010
0.736160 0.003043
0.655713 0.005406
0.750250 0.002625
0.724654 0.001394
0.491829 0.003763
0.773729 0.006116
0.753293 0.004502
0.605288 0.003735
0.698137 0.001683
0.751147 0.007100
0.763051 0.004662
0.745132 0.005745
0.488411 0.006251
0.839248 0.003726
0.705466 0.005555
0.582269 0.003419
0.705383 0.002577
0.708790 0.005266
0.812155 0.005552
0.618714 0.003677
0.751508 0.005405
0.733685 0.002536
0.822829 0.004774
0.780480 0.004440
0.718184 0.002841
0.718725 0.002047
0.777971 0.002088
0.781206 0.004101
0.622258 0.003784
0.801051 0.004061
0.386594 0.005522
0.589635 0.003606
0.575754 0.003609
0.646557 0.003641
0.679784 0.002994
0.732010 0.005446
0.790704 0.004848
0.430853 0.003886
0.655013 0.004587
0.741837 0.005042
0.599348 0.002630
0.769500 0.003922
0.626311 0.006273
0.820343 0.006907
0.831854 0.003571
0.689996 0.002642
0.608610 0.004043
0.660555 0.003087
0.717857 0.006506
0.802561 0.004210
0.709615 0.002650
0.699704 0.003621
0.625130 0.004121
0.806230 0.004425
0.668288 0.002737
0.763386 0.003641
0.736734 0.003916
0.652575 0.003582
0.594028 0.004998
0.649038 0.005639
0.725713 0.006074
0.746391 0.004499
0.694813 0.002702
0.597807 0.002606
0.621517 0.004580
0.749866 0.003508
0.673482 0.004683
0.534858 0.006781
0.711882 0.005232
0.988519 0.002833
0.694597 0.004597
0.746186 0.002078
0.521401 0.002080
0.798654 0.006471
0.793990 0.004989
0.604894 0.005155
0.648110 0.003030
0.734946 0.002901
0.704671 0.002048
0.851780 0.006789
0.707260 0.006328
0.669641 0.006020
0.765151 0.005236
0.708081 0.004020
0.770605 0.004028
0.691693 0.005793
0.608364 0.003615
0.801956 0.006817
0.576411 0.002005
0.699471 0.002495
0.752275 0.004462
0.826697 0.003664
0.717515 0.005532
0.711982 0.004546
0.691291 0.004473
0.754375 0.002890
0.674273 0.003000
0.473237 0.004493
0.714202 0.004405
0.673107 0.005026
0.606324 0.002655
0.768240 0.003606
0.661568 0.004467
0.719462 0.005523
0.700502 0.002573
0.769979 0.003620
0.871847 0.003683
0.737938 0.002674
0.773717 0.005362
0.794059 0.004562
0.685898 0.006306
0.738427 0.004591
0.816616 0.004409
0.780716 0.006249
0.636546 0.005412
0.734237 0.003643
0.782518 0.005456
0.694869 0.006728
0.696392 0.002842
0.929918 0.004466
0.761604 0.002006
0.768615 0.006128
0.629532 0.003633
0.593591 0.003535
0.420428 0.007073
0.467385 0.006053
0.650533 0.005322
0.750661 0.004325
0.670396 0.004608
0.815603 0.003136
0.578219 0.007113
0.656055 0.003663
0.751661 0.005879
0.559667 0.003604
0.686081 0.004576
0.779930 0.004196
0.728692 0.002463
0.782470 0.004117
0.821042 0.002073
0.859612 0.003679
0.754976 0.004462
0.789303 0.006269
0.825884 0.003571
0.952279 0.004733
0.774566 0.003456
0.699142 0.003653
0.721702 0.003778
0.871048 0.004954
0.783659 0.002586
0.711446 0.003021
0.779990 0.002990
0.545136 0.005878
0.761343 0.006961
0.604528 0.007103
0.755654 0.003561
0.690744 0.003063
0.816153 0.003724
0.756376 0.009464
0.814412 0.003603
0.795120 0.006779
0.810734 0.005483
0.608739 0.003023
0.647909 0.002664
0.635070 0.003591
0.627951 0.002697
0.603762 0.004572
0.745092 0.003590
0.655654 0.006105
0.673606 0.003854
0.665648 0.007217
0.867154 0.006259
0.744725 0.007137
0.745344 0.005600
0.657165 0.002711
0.000000 0.005566
0.733908 0.002582
0.809219 0.004821
0.794211 0.005243
0.708822 0.002759
0.581618 0.006636
0.867991 0.005309
0.722517 0.002570
0.800012 0.005263
0.812436 0.002594
0.659829 0.003580
0.690286 0.003917
0.766587 0.003598
0.865815 0.004636
0.773776 0.004470
0.713108 0.003631
0.664092 0.002694
0.741691 0.003672
0.711734 0.005751
0.683012 0.002932
0.814386 0.005375
0.799763 0.002665
0.645480 0.001365
0.802636 0.007239
0.641725 0.003013
0.691412 0.004494
0.838004 0.003164
0.759091 0.002805
0.782468 0.002506
0.688170 0.003893
0.665922 0.004681
0.639362 0.002666
0.639175 0.004357
0.859620 0.004400
0.605888 0.004421
0.713101 0.001652
0.760046 0.003758
0.846625 0.002695
0.562966 0.002695
0.564723 0.003907
0.546497 0.006312
0.834875 0.005321
0.656281 0.002675
0.830776 0.002952
0.769789 0.005289
0.875864 0.006185
0.590494 0.002942
0.443227 0.004039
0.728358 0.001627
0.609862 0.003659
0.653789 0.005805
0.762920 0.004431
0.757439 0.005625
0.770109 0.007016
0.726496 0.005215
0.704129 0.006287
0.644027 0.004472
0.605287 0.002731
0.703289 0.004038
0.711222 0.004885
0.496575 0.005506
0.801788 0.004136
0.668135 0.002873
0.875204 0.003614
0.638009 0.006399
0.748368 0.003728
0.834502 0.002921
0.716887 0.004321
0.872138 0.004533
0.822409 0.003452
0.881212 0.002894
0.479952 0.002050
0.717643 0.004351
0.677311 0.003445
0.676481 0.001675
0.652987 0.003578
0.631814 0.004431
0.589592 0.003652
0.620995 0.003906
0.770363 0.003369
0.709446 0.004681
0.672285 0.004462
0.765877 0.006343
0.806805 0.004903
0.725085 0.003655
0.678823 0.001950
0.628431 0.004777
0.653736 0.003503
0.678779 0.005890
0.811027 0.002849
0.946858 0.006300
0.634439 0.001371
0.554162 0.003719
0.730663 0.007559
0.725956 0.005214
0.652126 0.003726
0.824036 0.005102
0.470865 0.004035
0.683456 0.005165
0.607032 0.002892
0.737088 0.001950
0.837141 0.003698
0.727829 0.004580
0.676276 0.002683
0.662172 0.007121
0.647867 0.006409
0.621033 0.007508
0.575868 0.005374
0.682326 0.004538
0.745958 0.004470
0.804639 0.002647
0.768263 0.005412
0.811824 0.007026
0.755583 0.005360
0.693408 0.003680
0.856754 0.002721
0.734752 0.003726
0.677998 0.002614
0.817089 0.003735
0.842975 0.006266
0.785108 0.004869
0.708200 0.006976
0.635362 0.004659
0.610952 0.004454
0.795963 0.003667
0.771965 0.004496
0.761439 0.003086
0.773285 0.002947
0.824170 0.005506
0.690858 0.002728
0.782204 0.003454
0.704984 0.002598
0.616444 0.001990
0.690777 0.003323
0.743749 0.003942
0.561026 0.004510
0.721469 0.003660
0.446961 0.006793
0.697244 0.002913
0.826822 0.004002
0.765058 0.004482
0.850029 0.004469
0.695469 0.006267
0.748325 0.003512
0.868360 0.005481
0.704438 0.002755
0.709244 0.006449
0.886851 0.003648
0.706915 0.005098
0.789816 0.006254
0.605854 0.005393
0.533579 0.005436
0.716278 0.002650
0.718399 0.006094
0.614482 0.001358
0.642746 0.002696
0.733008 0.005165
0.711905 0.003631
0.628809 0.004044
0.724000 0.005326
0.780651 0.004430
0.758944 0.004495
0.604116 0.004547
0.644256 0.001392
0.576528 0.003735
0.647968 0.004427
0.815373 0.006235
0.613853 0.004468
0.669592 0.004389
0.696560 0.004525
0.704745 0.003087
0.857552 0.004545
0.538203 0.002680
0.704847 0.004442
0.567537 0.002727
0.757866 0.007120
0.751806 0.003727
0.740970 0.003574
0.687324 0.005386
0.783217 0.003675
0.707473 0.006243
0.728064 0.003947
0.649419 0.002704
0.829157 0.006837
0.539658 0.003685
0.888357 0.005265
0.689889 0.001895
0.917572 0.003524
0.664207 0.002541
0.666193 0.002697
0.644939 0.003119
0.661469 0.006246
0.666679 0.004615
0.555738 0.001632
0.830473 0.003464
0.677560 0.004470
0.772299 0.006982
0.754801 0.001655
0.763595 0.002918
0.745838 0.004405
0.748567 0.005138
0.688223 0.002560
0.858484 0.003503
0.653732 0.005469
0.795209 0.007009
0.791477 0.004781
0.713513 0.004431
0.705615 0.004976
0.665008 0.003021
0.733079 0.005293
0.613308 0.003597
0.549084 0.003458
0.687299 0.006126
0.697449 0.005307
0.744948 0.002634
0.806867 0.002634
0.802802 0.003598
0.682523 0.005392
0.635787 0.005502
0.684516 0.006976
0.649567 0.004433
0.684049 0.003597
0.764428 0.006479
0.551063 0.006805
0.806445 0.005893
0.726707 0.002514
0.717913 0.002521
0.793344 0.005388
0.714878 0.005407
0.042721 0.005795
0.732858 0.006048
0.721989 0.004780
0.623707 0.005215
0.540730 0.003898
0.723552 0.005260
0.755168 0.002704
0.739343 0.002561
0.774926 0.004473
0.693568 0.003639
0.597991 0.003042
0.595294 0.002567
0.895390 0.002896
0.754468 0.005147
0.715485 0.002643
0.639293 0.004427
0.715681 0.005176
0.828203 0.003631
0.659286 0.002097
0.806347 0.005443
0.690492 0.003709
0.564493 0.003561
0.774931 0.002551
0.750261 0.005379
0.642100 0.004422
0.695515 0.002623
0.771248 0.006346
0.761637 0.006301
0.851234 0.004476
0.611319 0.002087
0.877919 0.002905
0.818558 0.001985
0.672104 0.007113
0.739702 0.006568
0.722916 0.005557
0.680487 0.003527
0.839533 0.003633
0.668336 0.003686
0.615460 0.003522
0.765678 0.005435
0.763453 0.002597
0.659639 0.006985
0.680771 0.003959
0.656357 0.004385
0.695312 0.005895
0.479361 0.003929
0.757017 0.003595
0.835586 0.005347
0.681745 0.002436
0.736661 0.003659
0.722992 0.004485
0.842863 0.002456
0.638197 0.004553
0.814942 0.004608
0.636232 0.002046
0.671595 0.003724
0.672955 0.002483
0.000000 0.002552
0.608618 0.001958
0.680194 0.004473
0.748736 0.005064
0.734083 0.003806
0.721585 0.001635
0.504287 0.002662
0.825902 0.004411
0.757289 0.003505
0.696305 0.004472
0.802184 0.006668
0.725441 0.004560
0.714542 0.004798
0.698945 0.002496
0.548519 0.007016
0.602556 0.004332
0.849822 0.001999
0.545570 0.002555
0.767526 0.003510
0.620799 0.003655
0.972099 0.005303
0.587084 0.002631
0.824806 0.003550
0.675013 0.005467
0.643213 0.004824
0.702216 0.006057
0.731171 0.002636
0.608673 0.003553
0.703932 0.003521
0.635771 0.001380
0.586731 0.002639
0.557191 0.003727
0.796644 0.005114
0.724993 0.002918
0.655001 0.006058
0.701661 0.003745
0.639323 0.004392
0.911832 0.005374
0.532419 0.002638
0.737951 0.001977
0.565707 0.004467
0.670628 0.001404
0.777131 0.002744
0.786409 0.005162
0.814458 0.007062
0.785740 0.005144
0.577634 0.004398
0.893058 0.006638
0.464826 0.004835
0.864877 0.003400
0.761766 0.004844
0.798362 0.003523
0.797985 0.003630
0.798097 0.006429
0.668770 0.002662
0.607822 0.006844
0.743965 0.005040
0.684882 0.003689
0.421422 0.002683
0.774441 0.006841
0.704494 0.006028
0.602245 0.006791
0.817000 0.005494
0.591772 0.004429
0.685626 0.003601
0.727024 0.005192
0.745794 0.004418
0.768936 0.004492
0.787656 0.003665
0.593539 0.004424
0.787068 0.002549
0.835158 0.004488
0.775699 0.002599
0.741482 0.005364
0.689933 0.003601
0.816172 0.002999
0.700518 0.001985
0.818037 0.005394
0.734888 0.004432
0.610061 0.002466
0.593632 0.002610
0.727798 0.002650
0.774195 0.004520
0.742218 0.003459
0.899635 0.003940
0.619984 0.004627
0.542027 0.006004
0.639659 0.004439
0.651199 0.004378
0.820262 0.005626
0.698940 0.001959
0.642895 0.004487
0.662709 0.003685
0.869131 0.002679
0.450866 0.005328
0.634638 0.003640
0.820589 0.005492
0.740764 0.005432
0.730869 0.003644
0.680422 0.002518
0.824240 0.003871
0.790096 0.002492
0.578703 0.006062
0.765952 0.002680
0.553386 0.005361
0.538847 0.004763
0.720665 0.003597
0.508497 0.005751
0.806919 0.004522
0.773929 0.004420
0.716541 0.002516
0.681474 0.005316
0.822096 0.002970
0.707402 0.003184
0.751014 0.001987
0.722464 0.002504
0.589182 0.007777
0.653462 0.003711
0.884637 0.004260
0.760063 0.003189
0.758798 0.002653
0.712058 0.004334
0.692302 0.003018
0.728880 0.003567
0.700483 0.004182
0.814164 0.003980
0.689520 0.002672
0.780573 0.005083
0.781007 0.006055
0.698684 0.005587
0.720233 0.004443
0.617805 0.003694
0.691424 0.002934
0.687356 0.003627
0.814887 0.002524
0.701371 0.003632
0.717128 0.002995
0.511263 0.001974
0.740248 0.006288
0.777807 0.004489
0.698801 0.002481
0.716448 0.006187
0.709191 0.006669
0.828197 0.005350
0.597232 0.002674
0.811375 0.006418
0.841612 0.003546
0.731069 0.006467
0.662559 0.004154
0.751738 0.002511
0.848338 0.005216
0.790670 0.003459
0.624634 0.003621
0.825856 0.003570
0.674883 0.002650
0.601517 0.003108
0.764958 0.005855
0.651704 0.005319
0.732461 0.005333
0.747613 0.001953
0.730736 0.005411
0.677848 0.003621
0.717173 0.004624
0.741401 0.004873
0.666396 0.006065
0.603634 0.004432
0.688823 0.001386
0.769193 0.003724
0.771607 0.005652
0.756874 0.005908
0.817090 0.002863
0.675305 0.003565
0.890470 0.002691
0.741405 0.001648
0.769422 0.001633
0.942966 0.006615
0.702679 0.002480
0.747688 0.003613
0.826593 0.004270
0.745366 0.003637
0.615944 0.004439
0.897918 0.005514
0.579832 0.002625
0.773374 0.001930
0.743174 0.005286
0.607655 0.006088
0.676525 0.002065
0.787840 0.006212
0.887990 0.001980
0.618706 0.004419
0.595841 0.003684
0.741011 0.001344
0.772258 0.004396
0.699400 0.006125
0.710604 0.005329
0.637453 0.005246
0.785684 0.006429
0.624268 0.004382
0.439597 0.003185
0.861933 0.002930
0.685531 0.002959
0.769353 0.007081
0.864688 0.005363
0.785102 0.002766
0.826543 0.004414
0.785009 0.002490
0.703858 0.002765
0.816313 0.005040
0.676026 0.002030
0.705291 0.005232
0.825214 0.004463
0.728352 0.004543
0.686365 0.006946
0.656266 0.003617
0.499650 0.003734
0.666746 0.002607
0.583223 0.003712
0.813136 0.005373
0.628117 0.002621
0.763021 0.003932
0.710508 0.005392
0.624584 0.003670
0.597058 0.004198
0.638295 0.004380
0.620329 0.002518
0.667722 0.003786
0.683245 0.007015
0.652730 0.003455
0.691373 0.003381
0.724815 0.001333
0.719258 0.002618
0.675263 0.003674
0.816102 0.005521
0.795666 0.005450
0.733227 0.002668
0.561031 0.004388
0.857912 0.006991
0.530659 0.002564
0.718964 0.004493
0.767280 0.006076
0.798093 0.005471
0.888518 0.003109
0.740928 0.006413
0.816480 0.004505
0.855998 0.003239
0.756310 0.004593
0.903723 0.007419
0.671254 0.004493
0.757968 0.002524
0.594637 0.002638
0.609620 0.003026
0.785214 0.003667
0.785984 0.006619
0.754438 0.002854
0.801060 0.004499
0.752825 0.002046
0.815478 0.003622
0.603703 0.002713
0.681605 0.002566
0.573259 0.003105
0.397082 0.006320
0.797850 0.003594
0.743346 0.004853
0.647420 0.002077
0.664839 0.003618
0.837224 0.004402
0.441063 0.006108
0.618187 0.004000
0.619277 0.003671
0.797094 0.003836
0.655683 0.002679
0.750331 0.006688
0.674261 0.002730
0.781657 0.004933
0.691501 0.002691
0.847920 0.006026
0.758860 0.007427
0.724730 0.001668
0.653072 0.002560
0.752766 0.006211
0.648729 0.005300
0.707194 0.005369
0.656238 0.003083
0.695754 0.002604
0.635035 0.004961
0.755903 0.005485
0.744605 0.003965
0.766184 0.003635
0.538146 0.002642
0.569017 0.005398
0.805385 0.003183
0.415400 0.001627
0.791038 0.004627
0.554728 0.004174
0.621926 0.004261
0.800323 0.005585
0.822746 0.004467
0.455966 0.001330
0.666553 0.003711
0.780529 0.002749
0.714933 0.002463
0.725261 0.006860
0.785217 0.007039
0.742881 0.005581
0.734090 0.005746
0.795124 0.003723
0.660795 0.003614
0.781549 0.003622
0.605679 0.004727
0.806109 0.004124
0.816093 0.004396
0.709990 0.005363
0.600953 0.002739
0.679972 0.001657
0.749529 0.004019
0.816175 0.004526
0.771154 0.003630
0.811102 0.002637
0.782005 0.006879
0.639354 0.004565
0.660938 0.001656
0.704736 0.007419
0.714929 0.002601
0.761966 0.002474
0.682621 0.005492
0.712981 0.001364
0.627465 0.007109
0.576548 0.004720
0.789064 0.003699
0.687938 0.004683
0.593472 0.004658
0.567420 0.004005
0.554753 0.002965
0.784804 0.002933
0.580900 0.003182
0.782317 0.001943
0.776408 0.004795
0.828755 0.004039
0.879406 0.003628
0.776079 0.003561
0.816760 0.006110
0.641978 0.004412
0.748653 0.006332
0.767572 0.002613
0.851649 0.004625
0.678175 0.005441
0.799033 0.006135
0.528284 0.002549
0.826027 0.002690
0.819814 0.003620
0.654988 0.004524
0.727964 0.002566
0.695007 0.006105
0.422466 0.003869
0.698689 0.002684
0.791885 0.004453
0.715323 0.003710
0.636052 0.002759
0.653962 0.004719
0.750458 0.007125
0.792283 0.003558
0.654963 0.003736
0.907418 0.006397
0.813169 0.005972
0.692209 0.002669
0.755370 0.004776
0.733549 0.002710
0.653879 0.004367
0.834329 0.006248
0.743702 0.006139
0.601805 0.005361
0.739281 0.005912
0.856257 0.004972
0.881767 0.006257
0.640427 0.003005
0.835205 0.004550
0.651704 0.004617
0.706756 0.003963
0.650122 0.003972
0.721789 0.002626
0.762099 0.002519
0.588832 0.002921
0.904790 0.005343
0.703632 0.005578
0.785351 0.006184
0.680942 0.005594
0.706707 0.006348
0.727525 0.002772
0.676978 0.002047
0.647103 0.004895
0.681410 0.004546
0.666497 0.003558
0.702859 0.005474
0.798617 0.008099
0.668957 0.005434
0.784849 0.004460
0.670205 0.001992
0.606832 0.005472
0.729262 0.002486
0.583864 0.003663
0.833834 0.004429
0.631373 0.003021
0.735584 0.004148
0.790913 0.005413
0.628128 0.003742
0.780603 0.004414
0.866613 0.007053
0.730691 0.002061
0.696755 0.007447
0.583535 0.006887
0.737940 0.002883
0.610230 0.005470
0.670480 0.003640
0.606574 0.002600
0.690162 0.003659
0.728895 0.004527
0.763761 0.003638
0.857639 0.003583
0.728541 0.004390
0.649380 0.004544
0.608963 0.005366
0.773883 0.006805
0.700064 0.002667
0.609632 0.001976
0.779589 0.005704
0.822247 0.004441
0.791763 0.003719
0.687687 0.003727
0.727298 0.007599
0.609658 0.004506
0.788679 0.002651
0.722771 0.003467
0.782518 0.003909
0.736335 0.002590
0.740250 0.002725
0.754853 0.001896
0.689394 0.003571
0.578903 0.003633
0.680952 0.003736
0.531935 0.005936
0.883758 0.005572
0.561625 0.003679
0.799375 0.005275
0.663992 0.006662
0.629629 0.006076
0.575647 0.005997
0.669359 0.005400
0.686950 0.003749
0.785376 0.002958
0.856852 0.004004
0.826848 0.004065
0.610803 0.004408
0.647643 0.003563
0.792616 0.002682
0.507010 0.003571
0.673274 0.004464
0.617629 0.002557
0.667011 0.004877
0.668167 0.002691
0.653238 0.006347
0.689496 0.006588
0.809969 0.004769
0.773710 0.003150
0.754804 0.001400
0.761843 0.005668
0.639262 0.004420
0.758680 0.005239
0.632943 0.007054
0.787525 0.006279
0.621931 0.004623
0.718910 0.006271
0.647367 0.004482
0.347605 0.003380
0.716118 0.005625
0.765822 0.004567
0.686530 0.001979
0.869898 0.003616
0.689842 0.002687
0.415149 0.002597
0.670412 0.006036
0.841013 0.006546
0.659692 0.003929
0.597344 0.004527
0.769267 0.002538
0.690735 0.006926
0.704943 0.004427
0.723029 0.003762
0.855006 0.006105
0.677961 0.004248
0.620424 0.002022
0.449140 0.003591
0.695787 0.003620
0.673686 0.005137
0.532607 0.004407
0.565841 0.003668
0.647717 0.002584
0.878701 0.005896
0.706602 0.002617
0.732402 0.002958
0.746967 0.004372
0.871828 0.005150
0.750821 0.004461
0.780106 0.002648
0.789041 0.003775
0.828056 0.006291
0.647481 0.003834
0.724003 0.005502
0.716547 0.003256
0.687819 0.003125
0.676871 0.004437
0.740843 0.003232
0.606570 0.004532
0.352618 0.004357
0.662293 0.003904
0.531799 0.006110
0.844448 0.005398
0.750583 0.006353
0.808605 0.002784
0.765664 0.002697
0.658734 0.004524
0.843102 0.008244
0.781013 0.004714
0.635657 0.004858
0.598552 0.003073
0.658262 0.002005
0.870282 0.006938
0.732691 0.003433
0.590215 0.006536
0.783709 0.006189
0.796025 0.001970
0.647691 0.002082
0.620201 0.002945
0.701732 0.004666
0.697044 0.002745
0.811303 0.004547
0.426327 0.002943
0.630904 0.003045
0.632183 0.003612
0.709683 0.003375
0.774562 0.006228
0.684597 0.002843
0.766678 0.003599
0.699202 0.003496
0.678642 0.003551
0.839606 0.002092
0.539662 0.003658
0.797689 0.005587
0.719273 0.002649
0.769022 0.006054
0.737786 0.007449
0.772539 0.002530
0.809287 0.003734
0.708363 0.005442
0.656336 0.005259
0.859877 0.003617
0.003077 0.002517
0.754069 0.004467
0.627714 0.005605
0.848911 0.003296
0.767642 0.003799
0.664822 0.002524
0.814589 0.002843
0.829180 0.005011
0.808372 0.004487
0.935946 0.006534
0.656259 0.007349
0.756238 0.006269
0.702040 0.003829
0.863394 0.002656
0.757900 0.003615
0.613962 0.003892
0.769222 0.002535
0.624631 0.003711
0.646417 0.002622
0.695815 0.003652
0.745369 0.002498
0.638116 0.006333
0.582207 0.006243
0.902226 0.005602
0.736192 0.002021
0.826794 0.003601
0.719068 0.006317
0.686593 0.004488
0.761139 0.001956
0.624353 0.005369
0.540701 0.004125
0.640685 0.005378
0.706404 0.003642
0.770172 0.006235
0.764900 0.004492
0.772829 0.002614
0.509433 0.006345
0.795789 0.005332
0.759789 0.005666
0.812038 0.006258
0.655886 0.003644
0.757243 0.007403
0.640144 0.003724
0.563301 0.005965
0.479800 0.003591
0.535643 0.005475
0.624694 0.002674
0.705844 0.005505
0.789491 0.006449
0.852264 0.002594
0.684931 0.006697
0.714612 0.003623
0.739870 0.002794
0.645217 0.006792
0.473975 0.003645
0.605820 0.001673
0.451624 0.005382
0.756946 0.004566
0.757139 0.004367
0.727988 0.002480
0.791594 0.005196
0.845682 0.006824
0.654200 0.002742
0.800336 0.003663
0.377091 0.006111
0.742899 0.004561
0.786068 0.005461
0.848741 0.002721
0.705178 0.005421
0.769727 0.004447
0.844986 0.003668
0.743440 0.002633
0.623047 0.004487
0.709030 0.004985
0.671519 0.005383
0.777294 0.002634
0.697569 0.005936
0.719092 0.005059
0.913480 0.003853
0.718391 0.006335
0.672767 0.006934
0.736617 0.004560
0.546187 0.002650
0.739731 0.005505
0.682406 0.004672
0.604273 0.005824
0.753028 0.003418
0.684687 0.002561
0.636349 0.003676
0.673977 0.004550
0.701119 0.006085
0.613361 0.002899
0.613777 0.006194
0.752806 0.003635
0.781819 0.004544
0.445517 0.002715
0.774959 0.005609
0.601601 0.004994
0.828813 0.005568
0.710476 0.004587
0.793361 0.006024
0.482828 0.005433
0.823694 0.003607
0.454248 0.002694
0.602692 0.002690
0.819405 0.005996
0.744394 0.002773
0.685635 0.004620
0.703415 0.004801
0.796816 0.003694
0.420589 0.006178
0.638681 0.003653
0.783124 0.003032
0.747559 0.003590
0.850924 0.005393
0.604830 0.003621
0.549065 0.002713
0.501603 0.003737
0.756877 0.006477
0.680243 0.006986
0.526036 0.006762
0.572768 0.006017
0.669180 0.004531
0.426369 0.006560
0.398232 0.003917
0.726460 0.009645
0.000000 0.006407
0.631424 0.006884
0.709828 0.003997
0.655775 0.005178
0.475112 0.006159
0.771389 0.007515
0.681169 0.003646
0.694253 0.006246
0.615249 0.005291
0.827643 0.005457
0.552218 0.005365
0.586755 0.005501
0.549138 0.005642
0.773952 0.006203
0.781711 0.005690
0.731522 0.004661
0.730806 0.007632
0.750408 0.005538
0.678503 0.007452
0.703738 0.006298
0.015084 0.006518
0.675960 0.003553
0.711983 0.003649
0.760781 0.006896
0.663657 0.005006
0.542352 0.006275
0.722603 0.003508
0.510016 0.006121
0.756738 0.005477
0.781210 0.005447
0.407279 0.005258
0.784610 0.005131
0.636047 0.006082
0.543079 0.002700
0.772835 0.004459
0.596761 0.004740
0.515456 0.007120
0.626191 0.005534
0.004324 0.004678
0.664178 0.006968
0.589725 0.006892
0.750734 0.004682
0.599076 0.005544
0.683114 0.008559
0.662468 0.006088
0.600408 0.005893
0.826179 0.006930
0.687967 0.004432
0.479764 0.007957
0.386886 0.004458
0.324587 0.003592
0.759227 0.005121
0.740967 0.007985
0.754248 0.005033
0.490950 0.007110
0.682473 0.006034
0.487258 0.008086
0.743593 0.005084
0.330729 0.003080
0.046691 0.003634
0.659468 0.007154
0.689652 0.004513
0.561107 0.003580
0.450770 0.002528
0.752211 0.006658
0.504966 0.004416
0.683706 0.008932
0.662551 0.006485
0.668421 0.005431
0.453366 0.005291
0.702484 0.007643
0.652675 0.004607
0.602586 0.007545
0.000000 0.007055
0.645229 0.007873
0.776820 0.008677
0.619912 0.005612
0.707025 0.007680
0.613361 0.005595
0.007422 0.006177
0.675953 0.006653
0.621291 0.004427
0.536570 0.003034
0.686699 0.006932
0.652653 0.005188
0.000000 0.007663
0.668476 0.005172
0.604698 0.006479
0.625112 0.003032
0.735018 0.007279
0.424906 0.002002
0.865453 0.004611
0.492091 0.002637
0.648151 0.002618
0.486958 0.005396
0.527477 0.003655
0.791928 0.004008
0.696087 0.008013
0.701254 0.007533
0.488554 0.007041
0.745931 0.002884
0.861432 0.006600
0.564736 0.006174
0.566343 0.006045
0.375304 0.005433
0.621059 0.004462
0.732657 0.003432
0.649143 0.005501
0.795575 0.005526
0.002164 0.008222
0.591557 0.004627
0.733320 0.005900
0.732821 0.005370
0.575899 0.007394
0.703496 0.005376
0.742961 0.007685
0.726070 0.007100
0.715091 0.007792
0.682877 0.006114
0.552736 0.005355
0.753792 0.003958
0.648439 0.007463
0.823241 0.008111
0.497493 0.003554
0.000000 0.007019
0.717564 0.005482
0.603696 0.004918
0.631198 0.003813
0.565015 0.006087
0.480187 0.004765
0.670546 0.002635
0.770793 0.006349
0.573078 0.003854
0.015797 0.006857
0.612441 0.005363
0.697595 0.007074
0.198796 0.005655
0.550224 0.003257
0.000000 0.008124
0.706840 0.006950
0.697774 0.006699
0.586327 0.005458
0.590112 0.004373
0.622435 0.006094
0.637579 0.007230
0.508727 0.001649
0.567654 0.004502
0.525734 0.004240
0.561060 0.004497
0.723232 0.003988
0.370644 0.007036
0.679654 0.008764
0.514191 0.006048
0.506642 0.003368
0.761325 0.006289
0.408171 0.002525
0.625623 0.004939
0.665305 0.005177
0.535432 0.003882
0.592732 0.004374
0.002215 0.007129
0.794896 0.005092
0.698187 0.006252
0.784624 0.006362
0.689965 0.003613
0.844972 0.008741
0.727896 0.005363
0.569797 0.005407
0.313914 0.007778
0.726796 0.006092
0.739431 0.005238
0.582891 0.005245
0.450355 0.006936
0.446095 0.002983
0.671602 0.004836
0.660921 0.004457
0.646040 0.003959
0.700006 0.009415
0.671251 0.007714
0.588918 0.003574
0.874168 0.006916
0.687674 0.002974
0.722629 0.004472
0.460768 0.002051
0.732405 0.005436
0.775854 0.005345
0.668546 0.005357
0.680286 0.005336
0.405647 0.003904
0.564242 0.003600
0.750717 0.008487
0.886672 0.003970
0.688673 0.005990
0.657808 0.003916
0.569398 0.005024
0.409155 0.003470
0.448061 0.004456
0.012600 0.006538
0.225161 0.002673
0.665383 0.005342
0.453433 0.003572
0.411515 0.002641
0.640199 0.004021
0.755636 0.003591
0.584867 0.004921
0.830584 0.008172
0.719571 0.008635
0.492947 0.003023
0.463611 0.004233
0.495431 0.002654
0.866878 0.006585
0.764327 0.005445
0.562322 0.005352
0.688595 0.004473
0.787505 0.004082
0.721028 0.008384
0.312390 0.001386
0.408547 0.003614
0.762083 0.006527
0.709108 0.004866
0.479183 0.003623
0.661348 0.005254
0.444150 0.003973
0.686157 0.006969
0.743080 0.007188
0.626548 0.007631
0.744966 0.005508
0.035032 0.004687
0.806663 0.005019
0.905216 0.003606
0.688398 0.005388
0.878579 0.006002
0.785339 0.007408
0.632791 0.005354
0.606682 0.005506
0.479397 0.002494
0.774573 0.006700
0.536290 0.002629
0.471772 0.003398
0.006788 0.007151
0.000000 0.007684
0.644015 0.006334
0.742282 0.007603
0.746248 0.003907
0.592919 0.005149
0.644483 0.008723
0.589860 0.001648
0.700812 0.004630
0.519396 0.006758
0.581386 0.006637
0.751935 0.004194
0.568442 0.002548
0.789787 0.004732
0.559887 0.003988
0.810881 0.005212
0.710191 0.006772
0.693269 0.008224
0.638483 0.007365
0.793677 0.006651
0.595077 0.005344
0.735827 0.005376
0.487486 0.004438
0.622651 0.003609
0.666315 0.005407
0.567865 0.006008
0.519646 0.006101
0.685563 0.008756
0.561084 0.002982
0.734099 0.005812
0.449442 0.007038
0.641213 0.005298
0.144902 0.006024
0.708055 0.008058
0.615364 0.006081
0.579560 0.003404
0.795476 0.007985
0.662820 0.007379
0.777779 0.004788
0.814832 0.005364
0.833796 0.007068
0.850181 0.007303
0.000000 0.004310
0.649232 0.005810
0.785653 0.004557
0.851897 0.007991
0.764852 0.005565
0.830724 0.003672
0.889066 0.007390
0.769359 0.006065
0.841343 0.005650
0.938484 0.004928
0.842740 0.005491
0.780886 0.004600
0.847377 0.007817
0.821241 0.006928
0.911943 0.004741
0.754444 0.003652
0.755335 0.005050
0.888714 0.007679
0.716738 0.004357
0.800059 0.005044
0.741563 0.004471
0.845569 0.004126
0.000000 0.005563
0.691712 0.004041
0.755186 0.007893
0.832948 0.007176
0.000000 0.006165
0.806773 0.005379
0.706975 0.003800
0.783414 0.003618
0.713039 0.003623
0.661145 0.004755
0.864170 0.008631
0.838915 0.005412
0.844587 0.006686
0.818039 0.007796
0.680767 0.005968
0.775457 0.004474
0.845240 0.005088
0.684592 0.006156
0.818326 0.006665
0.815216 0.006654
0.808426 0.004774
0.000000 0.004766
0.807953 0.004937
0.738660 0.006233
0.756871 0.005555
0.797577 0.008326
0.691431 0.007559
0.803447 0.007475
0.794533 0.004423
0.789711 0.004289
0.822261 0.008396
0.691228 0.003669
0.846390 0.005427
0.742885 0.004941
0.819773 0.005931
0.686634 0.002552
0.008066 0.003894
0.911256 0.007469
0.824912 0.004474
0.734169 0.003587
0.803899 0.006534
0.740101 0.005326
0.583930 0.003674
0.707363 0.003917
0.773032 0.006706
0.761388 0.008023
0.515843 0.005331
0.827825 0.007978
0.696069 0.006401
0.506661 0.002559
0.939372 0.005293
0.686921 0.005403
0.774603 0.005434
0.917284 0.006757
0.000000 0.005470
0.805681 0.004489
0.821894 0.007975
0.672376 0.005561
0.534951 0.004425
0.890003 0.006214
0.630001 0.004436
0.870810 0.004349
0.882324 0.005509
0.513813 0.003461
0.828128 0.004437
0.863069 0.004417
0.879647 0.004137
0.902144 0.003472
0.828038 0.004485
0.800294 0.003960
0.692585 0.009560
0.799660 0.005949
0.952704 0.005508
0.670262 0.006118
0.837058 0.007259
0.716033 0.008497
0.667529 0.003072
0.652755 0.002999
0.649149 0.006549
0.831286 0.005384
0.798995 0.004017
0.800606 0.004649
0.690317 0.003552
0.687769 0.005435
0.002838 0.005550
0.900153 0.005489
0.022030 0.005952
0.811105 0.005559
0.700499 0.006107
0.814371 0.007336
0.805954 0.004892
0.321609 0.006195
0.796013 0.004068
0.783764 0.005350
0.616998 0.006104
0.757130 0.005424
0.829705 0.008207
0.840518 0.006052
0.495207 0.002668
0.411563 0.006614
0.745466 0.007296
0.952146 0.006782
0.744975 0.006236
0.791700 0.003455
0.898978 0.006583
0.639796 0.006290
0.575404 0.005143
0.827294 0.005372
0.747274 0.003704
0.765346 0.006236
0.778510 0.006840
0.466803 0.003648
0.702724 0.002469
0.799712 0.004459
0.733351 0.005510
0.697618 0.010190
0.823931 0.004985
0.779088 0.005604
0.628932 0.004045
0.660002 0.006861
0.921123 0.007272
0.819133 0.007275
0.692463 0.002814
0.718155 0.008001
0.902209 0.007796
0.748183 0.005966
0.255156 0.006157
0.866953 0.005540
0.574412 0.002856
0.856300 0.005065
0.781607 0.005421
0.780223 0.007883
0.707145 0.006185
0.847641 0.002562
0.736798 0.007429
0.382731 0.008367
0.767657 0.008144
0.868685 0.006235
0.738164 0.009204
0.847779 0.005571
0.562251 0.003612
0.757017 0.005473
0.820671 0.002536
0.740375 0.006928
0.817374 0.006554
0.591941 0.006576
0.858691 0.008691
0.000000 0.005100
0.558991 0.005593
0.448455 0.006805
0.816925 0.006037
0.748902 0.005388
0.555384 0.006170
0.784208 0.002635
0.826114 0.004783
0.779851 0.004415
0.946157 0.003427
0.861008 0.007027
0.791809 0.005754
0.773902 0.006608
0.435919 0.006335
0.769057 0.006550
0.863857 0.005660
0.788287 0.007299
0.861709 0.002563
0.816344 0.008402
0.780471 0.007144
0.810075 0.007089
0.816935 0.007275
0.660296 0.003560
0.312617 0.006597
0.762286 0.004479
0.849909 0.003586
0.847209 0.003816
0.607713 0.002639
0.561501 0.002873
0.860138 0.007202
0.742672 0.002790
0.797790 0.004199
0.816759 0.004012
0.534771 0.003987
0.932626 0.007421
0.724032 0.003908
0.704988 0.003007
0.333240 0.006369
0.597526 0.004424
0.719732 0.004429
0.869387 0.008115
0.823095 0.006067
0.755360 0.007621
0.689221 0.005925
0.767705 0.004606
0.785569 0.001939
0.659240 0.005375
0.688086 0.003946
0.762613 0.006927
0.816931 0.007686
0.857552 0.006180
0.580317 0.006173
0.860324 0.007628
0.928563 0.005091
0.803886 0.003971
0.691928 0.007139
0.839034 0.005081
0.760871 0.006784
0.782892 0.002611
0.868121 0.004389
0.356579 0.006075
0.771957 0.004841
0.720862 0.006968
0.000000 0.003952
0.744464 0.003117
0.226849 0.006460
0.800644 0.006588
0.641998 0.006150
0.806193 0.003481
0.878813 0.005706
0.798978 0.004268
0.797108 0.005004
0.581744 0.003832
0.801926 0.007819
0.828932 0.006974
0.738013 0.006884
0.609695 0.006193
0.737148 0.006574
0.765166 0.007782
0.783702 0.007220
0.726987 0.003594
0.905158 0.005935
0.776187 0.005453
0.820638 0.008931
0.841143 0.006559
0.816140 0.007557
0.777469 0.004909
0.732392 0.004572
0.715479 0.002962
0.848716 0.006612
0.779684 0.003425
0.690923 0.004475
0.784779 0.007380
0.717777 0.003470
0.933862 0.007678
0.793223 0.005098
0.591059 0.004448
0.913321 0.008224
0.898219 0.006339
0.695672 0.008212
0.726894 0.008214
0.608677 0.006808
0.909332 0.006898
0.633346 0.004479
0.813953 0.007184
0.894365 0.003491
0.892216 0.009508
0.823477 0.006338
0.788120 0.005653
0.770882 0.006551
0.822130 0.004595
0.808644 0.007747
0.765959 0.006335
0.793679 0.007491
0.764790 0.005779
0.708354 0.004454
0.442035 0.006383
0.302543 0.003512
0.477685 0.003962
0.359733 0.006187
0.883103 0.006046
0.866878 0.008198
0.920099 0.008483
0.785841 0.006804
0.662966 0.005491
0.845728 0.006514
0.909645 0.005341
0.768200 0.006117
0.830543 0.005390
0.815475 0.004682
0.889912 0.008925
0.676467 0.006855
0.792759 0.004752
0.835507 0.005957
0.879237 0.006482
0.889394 0.007123
0.000000 0.005853
0.911158 0.003366
0.742703 0.006665
0.698968 0.008031
0.907428 0.005308
0.762227 0.006024
0.767590 0.006269
0.812500 0.005328
0.892294 0.005062
0.528977 0.006728
0.669782 0.007892
0.810744 0.004525
0.804485 0.005399
0.733181 0.002541
0.790208 0.005311
0.794995 0.006013
0.765883 0.006670
0.896522 0.006731
0.825342 0.007033
0.792703 0.003937
0.861585 0.004014
0.846194 0.003432
0.860359 0.006125
0.630538 0.005048
0.876949 0.004536
0.844492 0.006136
0.795802 0.006080
0.771935 0.006688
0.780576 0.004161
0.901863 0.007080
0.487189 0.003985
0.695124 0.006451
0.882674 0.005411
0.800069 0.007677
0.781773 0.006998
0.711653 0.004954
0.895950 0.005097
0.796060 0.005818
0.498957 0.006895
0.726968 0.005499
0.742577 0.008024
0.856413 0.007233
0.587529 0.005454
0.843026 0.007466
0.862081 0.006666
0.754713 0.007038
0.811016 0.005727
0.720787 0.006975
0.909874 0.005420
0.822267 0.004760
0.854791 0.005957
0.752271 0.003930
0.830496 0.004278
0.763888 0.008298
0.807325 0.007089
0.661234 0.002522
0.695585 0.005557
0.816253 0.007082
0.832288 0.005377
0.651805 0.006533
0.701528 0.005129
0.633637 0.006202
0.772836 0.006969
0.697274 0.005166
0.795040 0.007717
0.921283 0.007714
0.000000 0.006904
0.567202 0.007099
0.875734 0.006948
0.386579 0.005738
0.733272 0.007096
0.876384 0.005776
0.772060 0.008280
0.802986 0.006321
0.728442 0.007522
0.850732 0.009537
0.798397 0.004426
0.870552 0.006201
0.872845 0.005212
0.726694 0.003465
0.878147 0.004668
0.539218 0.002547
0.804297 0.006531
0.732307 0.007029
0.657662 0.004828
0.785801 0.004886
0.740680 0.005557
0.687171 0.003956
0.758342 0.005619
0.886017 0.004898
0.859297 0.003735
0.816763 0.004496
0.003564 0.004967
0.451393 0.006893
0.789747 0.006955
0.855809 0.006541
0.762301 0.005536
0.841396 0.003607
0.744551 0.006647
0.718972 0.003963
0.803620 0.007868
0.561447 0.005275
0.828532 0.007012
0.791564 0.003522
0.763951 0.004034
0.716454 0.005368
0.854635 0.007589
0.878260 0.004002
0.663990 0.003474
0.811593 0.006326
0.009487 0.005330
0.909989 0.006095
0.750770 0.006055
0.777539 0.006698
0.805419 0.005356
0.720196 0.005342
0.888653 0.006270
0.667098 0.003116
0.048044 0.007294
0.837561 0.002913
0.796345 0.005671
0.803004 0.005693
0.849309 0.004676
0.777419 0.004866
0.850288 0.004442
0.000000 0.004234
0.895098 0.006270
0.877080 0.003864
0.601565 0.007237
0.772005 0.008363
0.943475 0.007396
0.669257 0.005236
0.983084 0.007615
0.896743 0.007525
0.736325 0.004378
0.854757 0.004637
0.764820 0.007895
0.741521 0.005147
0.832934 0.006946
0.758711 0.006971
0.942005 0.009075
0.806034 0.007732
0.736751 0.003596
0.570963 0.005129
1.002969 0.006093
0.422629 0.006905
0.745923 0.004497
0.639582 0.006150
0.790540 0.007543
0.845909 0.007223
0.933344 0.006415
0.830076 0.005538
0.835788 0.004489
0.488729 0.003511
0.777397 0.006619
0.913289 0.006097
0.847877 0.006367
0.819183 0.005527
0.824753 0.007815
0.000000 0.004367
0.844973 0.007913
0.842697 0.004842
0.885886 0.009456
0.770998 0.004927
0.938792 0.004472
0.807528 0.009941
0.895476 0.006902
0.698148 0.005394
0.863246 0.006796
0.662012 0.003890
0.667862 0.005145
0.857288 0.007956
0.805177 0.006026
0.801689 0.006242
0.798932 0.006462
0.812518 0.006629
0.909959 0.002791
0.906130 0.005268
0.703351 0.008272
0.655512 0.006047
0.705686 0.003905
0.860685 0.005959
0.679424 0.006347
0.873161 0.003875
0.829965 0.006254
0.831531 0.007444
0.612942 0.005507
0.748179 0.005380
0.017937 0.006642
0.725058 0.006337
0.779599 0.007300
0.804902 0.006190
0.774008 0.004952
0.841993 0.005714
0.869023 0.006539
0.886038 0.007056
0.783544 0.006119
0.603246 0.006215
0.806646 0.005687
0.858362 0.007952
0.635649 0.005381
0.758136 0.005262
0.938745 0.005588
0.664705 0.001296
0.814819 0.006948
0.712564 0.006078
0.899289 0.006958
0.818381 0.006466
0.756808 0.006845
0.698627 0.004910
0.911235 0.005198
0.612355 0.005964
0.757088 0.006498
0.699008 0.006726
0.892824 0.005024
0.770383 0.004568
0.834833 0.004751
0.845966 0.006022
0.690823 0.008217
0.864253 0.007685
0.556648 0.007260
0.804997 0.005432
0.891955 0.003473
0.754774 0.003570
0.656600 0.009087
0.622242 0.006109
0.815711 0.004824
0.763283 0.007428
0.910837 0.003580
0.652832 0.007315
0.731934 0.005333
0.947773 0.003907
0.779113 0.004683
0.868425 0.006280
0.811285 0.005332
0.738390 0.009634
0.022118 0.004743
0.932785 0.005344
0.698296 0.007136
0.698874 0.005991
0.717006 0.003854
0.779954 0.006204
0.812396 0.007344
0.744771 0.005047
0.694422 0.004401
0.890120 0.007707
0.126287 0.008249
0.966177 0.006347
0.820313 0.004811
0.801791 0.006603
0.706769 0.004818
0.847458 0.009347
0.691792 0.004422
0.680948 0.006009
0.505118 0.007555
0.764115 0.006118
0.874210 0.005893
0.574747 0.006297
0.845779 0.006159
0.561075 0.007710
0.312931 0.006616
0.852460 0.008313
0.889680 0.004656
0.842463 0.005280
0.668860 0.003506
0.775965 0.006880
0.928065 0.004693
0.697636 0.007504
0.842325 0.004963
0.450110 0.003519
0.865804 0.007468
0.782648 0.008440
0.805205 0.005447
0.752014 0.004662
0.767554 0.005242
0.808806 0.004565
0.849402 0.005494
0.594252 0.005366
0.779688 0.006982
0.832136 0.004680
0.726048 0.008631
0.773251 0.008078
0.813995 0.005466
0.879510 0.004747
0.759236 0.005773
0.801382 0.006367
0.789010 0.006305
0.823261 0.006480
0.650117 0.004832
0.670443 0.006171
0.805306 0.005352
0.693327 0.006311
0.671317 0.004584
0.654548 0.006975
0.814547 0.006851
0.752469 0.004977
0.672842 0.004758
0.651736 0.006091
0.803336 0.006690
0.855144 0.005310
0.769600 0.005654
0.904576 0.004579
0.626253 0.006051
0.622712 0.005943
0.772394 0.005004
0.836676 0.006461
0.763296 0.007270
0.836081 0.007517
0.815740 0.008161
0.848190 0.006152
0.890330 0.004514
0.788787 0.007678
0.818855 0.005540
0.809141 0.006607
0.940936 0.006059
0.768050 0.005575
0.740607 0.005089
0.850483 0.006324
0.820076 0.004497
0.795935 0.004524
0.732926 0.003976
0.811423 0.003907
0.935430 0.004474
0.765250 0.003978
0.736449 0.008170
0.798741 0.008679
0.799848 0.005219
0.717944 0.005260
0.779474 0.005385
0.859899 0.008127
0.595159 0.003560
0.497672 0.003032
0.782190 0.005345
0.937953 0.006934
0.893193 0.007577
0.760242 0.005682
0.927256 0.007758
0.516044 0.006137
0.641713 0.004506
0.699176 0.003525
0.883794 0.007096
0.729401 0.003737
0.812757 0.005249
0.935387 0.005440
0.929980 0.005040
0.650676 0.003966
0.726683 0.005381
0.788364 0.006900
0.737527 0.005405
0.801866 0.003495
0.712033 0.006046
0.699283 0.008222
0.739468 0.006938
0.878138 0.004514
0.744977 0.006220
0.646998 0.002680
0.409126 0.005980
0.587544 0.005808
0.620900 0.006913
0.728323 0.007138
0.796126 0.003847
0.764946 0.003246
0.791523 0.002625
0.658161 0.004301
0.911800 0.006213
0.776636 0.006047
0.905809 0.003995
0.708760 0.003710
0.823361 0.006236
0.870945 0.003734
0.770090 0.005915
0.762344 0.006255
0.856563 0.004430
0.780101 0.005444
0.857931 0.006237
0.875226 0.004568
0.939295 0.007156
0.822692 0.003500
0.845820 0.006170
0.736740 0.005351
0.863781 0.007034
0.867371 0.005125
0.641560 0.006340
0.767467 0.005873
0.768127 0.008632
0.672177 0.005107
0.786735 0.006129
0.790064 0.006832
0.876433 0.008174
0.816985 0.005854
0.684871 0.004533
0.698015 0.008161
0.629113 0.004383
0.741353 0.002748
0.816119 0.007626
0.786720 0.004778
0.912852 0.002918
0.680990 0.008598
0.815560 0.004561
0.803165 0.004001
0.810653 0.007045
0.495494 0.006272
0.838607 0.005657
0.819215 0.002987
0.897535 0.004407
0.810179 0.005033
0.787587 0.006294
0.915270 0.006668
0.480476 0.007929
0.659473 0.005355
0.741579 0.005226
0.858023 0.006623
0.682016 0.007700
0.628874 0.003655
0.474237 0.006559
0.824819 0.006017
0.791906 0.003826
0.719259 0.005956
0.813787 0.003969
0.826604 0.006187
0.712562 0.006067
0.744785 0.005910
0.767212 0.005351
0.829566 0.005258
0.748976 0.006996
0.815311 0.005502
0.803679 0.002457
0.648885 0.008037
0.662292 0.004060
0.564331 0.003866
0.824158 0.003693
0.779626 0.003081
0.351110 0.005554
0.780263 0.006990
0.686620 0.007918
0.793122 0.003578
0.616622 0.003656
0.702582 0.004475
0.473408 0.006508
0.709910 0.006914
0.950182 0.006507
0.500872 0.008244
0.731831 0.002613
0.812962 0.004954
0.559189 0.004951
0.702829 0.006000
0.414318 0.007151
0.898968 0.004481
0.881506 0.005625
0.780342 0.004973
0.749422 0.006462
0.616640 0.006668
0.774485 0.004599
0.779537 0.004971
0.739278 0.004340
0.485189 0.006178
0.721269 0.003558
0.574091 0.006056
0.915415 0.003769
0.684132 0.002624
0.784373 0.005944
0.854574 0.008379
0.703676 0.006418
0.714750 0.008202
0.830532 0.006303
0.784653 0.006821
0.459608 0.006002
0.846358 0.005560
0.719713 0.004440
0.897148 0.003980
0.034608 0.001883
0.751508 0.006553
0.685802 0.006567
0.615609 0.003480
0.817340 0.005933
0.844776 0.002535
0.875879 0.006185
0.889416 0.003035
0.793224 0.006368
0.796900 0.004787
0.812242 0.005406
0.901252 0.008248
0.716434 0.005865
0.903039 0.008051
0.607486 0.006363
0.852650 0.004083
0.358856 0.006830
0.402212 0.005201
0.743794 0.002576
0.898769 0.007497
0.522271 0.006142
0.737986 0.006554
0.801296 0.004004
0.918004 0.005410
0.797146 0.006006
0.720408 0.004430
0.606099 0.002680
0.758857 0.006187
0.857548 0.005090
0.684996 0.007071
0.842708 0.005667
0.780621 0.005326
0.706928 0.007064
0.666717 0.008931
0.606008 0.007504
0.860054 0.005732
0.816299 0.003963
0.743006 0.004745
0.733433 0.007589
0.980728 0.006697
0.685405 0.006879
0.718854 0.007407
0.759446 0.006318
0.691473 0.009662
0.654007 0.003420
0.539141 0.007659
0.816075 0.007102
0.717110 0.007083
0.757435 0.007303
0.882628 0.006594
0.879650 0.006468
0.946347 0.002639
0.935268 0.006164
0.915354 0.004086
0.767258 0.004355
0.828087 0.005467
0.919952 0.007138
0.936756 0.004575
0.831951 0.003709
0.036950 0.007421
0.816360 0.003775
0.846287 0.002447
0.825255 0.006230
0.819107 0.003350
0.864965 0.005538
0.829171 0.005203
0.855944 0.004429
0.729427 0.004941
0.463358 0.005439
0.904674 0.004504
0.913095 0.004402
0.742927 0.003520
0.728189 0.006350
0.871182 0.003514
0.699015 0.003784
0.862165 0.005493
0.778913 0.004654
0.951786 0.003922
0.933144 0.005405
0.889639 0.005734
0.802471 0.006205
0.715014 0.004317
0.729485 0.006930
0.845101 0.003744
0.960742 0.006049
0.880290 0.002673
0.482478 0.004492
0.806899 0.005168
0.700310 0.003710
0.953453 0.005453
0.813104 0.003904
0.671299 0.006611
0.866726 0.005980
0.895933 0.006186
0.829371 0.004702
0.760648 0.003062
0.851718 0.008325
0.829265 0.006699
0.752931 0.006089
0.878506 0.006445
0.873599 0.004486
0.000584 0.002730
0.840959 0.006595
0.762697 0.004007
0.881435 0.004410
0.877890 0.004937
0.809144 0.005405
0.847893 0.003690
0.833695 0.004466
0.728676 0.005930
0.748692 0.005564
0.795792 0.004857
0.850655 0.004072
0.832615 0.006192
0.925453 0.004594
0.776293 0.003981
0.809616 0.006965
0.808417 0.005423
0.793001 0.004601
0.800276 0.004406
0.787474 0.003636
0.841189 0.005342
0.452507 0.005444
0.883357 0.005322
0.729846 0.006707
0.803678 0.003999
0.913157 0.007773
0.709325 0.004441
0.741550 0.003958
0.763151 0.006377
0.809205 0.002766
0.886597 0.003661
0.766911 0.006623
0.879651 0.004490
0.857084 0.006701
0.819760 0.006089
0.753159 0.006945
0.908471 0.005607
0.875284 0.005388
0.839526 0.005349
0.565514 0.003146
0.958647 0.005940
0.832605 0.002704
0.783612 0.003811
0.815012 0.005611
0.842804 0.003487
0.906868 0.005598
0.903872 0.004698
0.832029 0.003828
0.287234 0.003574
0.819143 0.004621
0.813053 0.002894
0.766670 0.003822
0.916629 0.006513
0.936232 0.005326
0.253036 0.004238
0.743527 0.003826
0.938932 0.004381
0.898340 0.002062
0.797608 0.006745
0.221124 0.004483
0.962314 0.005463
0.799476 0.003896
0.866280 0.005559
0.899195 0.004474
0.979956 0.003832
0.915473 0.006088
0.832418 0.005650
0.946809 0.006527
0.780525 0.005473
0.907683 0.003943
0.809803 0.007034
0.750962 0.003274
0.735852 0.005221
0.876378 0.006817
0.801258 0.004003
0.809020 0.003999
0.684442 0.001352
0.784841 0.003748
0.916825 0.005368
0.911859 0.005482
0.824322 0.007551
0.712967 0.004457
0.828806 0.003653
0.827252 0.003645
0.828285 0.008402
0.862934 0.005428
0.764817 0.004047
0.815197 0.004361
0.734029 0.006418
0.926584 0.002534
0.703332 0.006417
0.872258 0.006685
0.627686 0.007547
0.780271 0.003616
0.908256 0.003920
0.839152 0.002667
0.833599 0.003772
0.889503 0.003923
0.985225 0.004248
0.827921 0.002741
0.878073 0.003140
0.834960 0.005304
0.890200 0.004027
0.896266 0.006039
0.901710 0.006104
0.835246 0.002846
0.855539 0.008126
0.917340 0.006033
0.784594 0.007439
0.814383 0.004194
0.878519 0.004015
0.884925 0.003687
0.776467 0.004529
0.790637 0.002959
0.831846 0.003842
0.880115 0.007144
0.798758 0.005518
0.899805 0.003028
0.648769 0.003779
0.820185 0.005601
0.843001 0.006782
0.924018 0.002602
0.823853 0.003695
0.678668 0.005923
0.939893 0.004893
0.805558 0.003922
0.770374 0.005403
0.873616 0.003570
0.833013 0.005452
0.799675 0.002731
0.880535 0.003014
0.921832 0.003458
0.907533 0.006907
0.812633 0.005816
0.832195 0.001983
0.799763 0.004340
0.773863 0.006178
0.842943 0.007174
0.794561 0.003507
0.843828 0.004045
0.851259 0.005900
0.816960 0.003910
0.782931 0.004485
0.891343 0.004104
0.952037 0.005505
0.854365 0.004514
0.886136 0.004391
0.787902 0.005429
0.833935 0.004526
0.868070 0.003581
0.750796 0.002107
0.748986 0.006929
0.822336 0.004070
0.843877 0.003913
0.814301 0.003437
0.896427 0.004882
0.810887 0.006024
0.703802 0.005509
0.773609 0.005931
0.684705 0.005395
0.576775 0.002740
0.842419 0.004446
0.727353 0.002986
0.856895 0.006126
0.927731 0.003763
0.820627 0.007341
0.736952 0.007094
0.937779 0.004479
0.852325 0.007422
0.859639 0.004453
0.757620 0.005401
0.688796 0.005512
0.463834 0.006807
0.753801 0.003002
0.803582 0.005316
0.889837 0.005357
0.856386 0.003403
0.953137 0.005218
0.877870 0.004458
0.765586 0.003613
0.777118 0.006288
0.839302 0.003551
0.896457 0.004561
0.864419 0.007252
0.951052 0.006807
0.759821 0.004491
0.829508 0.003599
0.821409 0.003606
0.675107 0.007008
0.823323 0.005244
0.679165 0.003478
0.823080 0.008216
0.800923 0.005150
0.710718 0.003639
0.876390 0.005484
0.173007 0.005592
0.941400 0.006910
0.792937 0.002780
0.804580 0.003673
0.869249 0.007887
0.883755 0.005265
0.809940 0.006613
0.848838 0.008485
0.870505 0.006994
0.956594 0.005372
0.859726 0.006940
0.799080 0.002678
0.712599 0.004398
0.754421 0.006342
0.791926 0.006228
0.879679 0.003678
0.924376 0.004894
0.816668 0.006240
0.789689 0.003690
0.804186 0.005367
0.736519 0.006071
0.871780 0.006939
0.983606 0.006223
0.953489 0.004472
0.682378 0.006293
0.827593 0.005506
0.712423 0.007023
0.891909 0.006041
0.874642 0.005418
0.802269 0.002918
0.925657 0.006960
0.813172 0.006376
0.908394 0.005533
0.873700 0.005115
0.916120 0.006900
0.776264 0.005431
0.852834 0.002785
0.805387 0.005261
0.871700 0.007595
0.860651 0.004573
0.891884 0.004539
0.912022 0.005458
0.774125 0.004453
0.832066 0.004201
0.802360 0.005756
0.907657 0.006145
0.803531 0.004014
0.764390 0.006490
0.870718 0.006456
0.876214 0.005455
0.063418 0.005735
0.754951 0.002725
0.862253 0.006250
0.374824 0.003877
0.913796 0.005195
0.829260 0.007143
0.773484 0.005377
0.801476 0.002704
0.880472 0.004982
0.879986 0.003942
0.820019 0.003221
0.810211 0.006246
0.862911 0.002703
0.734546 0.002082
0.895938 0.002801
0.922419 0.004614
0.726023 0.004728
0.550483 0.005481
0.840151 0.003728
0.870021 0.002637
0.895957 0.006186
0.893912 0.004401
0.765889 0.007864
0.862669 0.005292
0.819749 0.005255
0.841350 0.003110
0.958821 0.005493
0.829937 0.007699
0.852395 0.005502
0.827960 0.002083
0.882949 0.008509
0.848009 0.007205
0.879822 0.005400
0.135285 0.003983
0.848864 0.005727
0.922708 0.003470
0.824361 0.005427
0.828174 0.004022
0.898303 0.003982
0.827574 0.003695
0.798683 0.005421
0.869024 0.003501
0.950599 0.004453
0.839656 0.004464
0.825330 0.006987
0.927577 0.005913
0.824181 0.005208
0.958293 0.001984
0.796479 0.002715
0.888215 0.004491
0.816767 0.006322
0.543768 0.004059
0.701395 0.005397
0.908133 0.004714
0.711196 0.007405
0.248232 0.006473
0.915504 0.003963
0.910815 0.007701
0.863327 0.006251
0.858123 0.005071
0.797720 0.004587
0.817247 0.006149
0.857484 0.004181
0.852250 0.004877
0.941424 0.003118
0.717229 0.003501
0.716485 0.006590
0.828487 0.003695
0.821636 0.006250
0.923637 0.005918
0.881482 0.004480
0.888822 0.006094
0.829789 0.005783
0.882340 0.006434
0.894156 0.003572
0.704641 0.002715
0.922931 0.005589
0.644739 0.003100
0.836999 0.002022
0.894314 0.004580
0.882764 0.002751
0.805387 0.007055
0.787346 0.003907
0.699895 0.003116
0.855302 0.002631
0.896804 0.006257
0.814644 0.006472
0.888794 0.003880
0.147911 0.005475
0.896749 0.005344
0.918655 0.006914
0.789547 0.004396
0.891982 0.003556
0.920807 0.005219
0.885337 0.003649
0.892494 0.003198
0.827368 0.004597
0.800135 0.003739
0.820898 0.005434
0.732084 0.006161
0.799767 0.003661
0.930325 0.007618
0.922396 0.006170
0.843072 0.005280
0.886529 0.006321
0.838443 0.005866
0.745644 0.003923
0.772419 0.007156
0.849827 0.004112
0.921618 0.003727
0.854729 0.003608
0.931408 0.002955
0.914991 0.004434
0.848286 0.005242
0.720859 0.003584
0.902206 0.003593
0.915814 0.004060
0.716359 0.004851
0.909473 0.006827
0.290152 0.004276
0.781726 0.006027
0.795988 0.004074
0.841639 0.005450
0.780727 0.004926
0.879143 0.004399
0.939936 0.005274
0.887041 0.005477
0.874995 0.003931
0.455746 0.005916
0.884167 0.003102
0.957169 0.006080
0.669432 0.005433
0.805103 0.006436
0.815864 0.005505
0.900925 0.004436
0.818703 0.002553
0.723725 0.004040
0.890260 0.007127
0.799648 0.004215
0.715057 0.005047
0.877425 0.006436
0.905708 0.006211
0.867181 0.005031
0.904397 0.003954
0.827901 0.007230
0.820510 0.002941
0.887651 0.004804
0.785401 0.001398
0.827136 0.005496
0.874913 0.004551
0.820725 0.003115
0.643212 0.006204
0.847823 0.003963
0.040944 0.005136
0.585351 0.005122
0.802376 0.004512
0.771613 0.004413
0.777850 0.005433
0.851478 0.002645
0.692974 0.003381
0.598755 0.003843
0.758637 0.003900
0.615961 0.004397
0.592407 0.004227
0.806077 0.006085
0.633972 0.002513
0.967792 0.006204
0.640700 0.001896
0.732981 0.002926
0.706171 0.006297
0.846003 0.005399
0.672426 0.003587
0.873660 0.003953
0.790477 0.003669
0.717275 0.002600
0.734030 0.002954
0.760662 0.006025
0.692164 0.002601
0.696049 0.006010
0.788695 0.005485
0.719592 0.006046
0.809214 0.003719
0.682499 0.006211
0.778636 0.003525
0.647166 0.004010
0.832378 0.004395
0.718614 0.001315
0.819628 0.006239
0.744155 0.005865
0.645676 0.003543
0.724151 0.003790
0.776572 0.006973
0.460336 0.002510
0.700540 0.003691
0.805293 0.004370
0.628767 0.006018
0.547736 0.002881
0.782728 0.003652
0.829701 0.006746
0.604099 0.002631
0.740523 0.003834
0.816395 0.005565
0.645024 0.002556
0.701888 0.003873
0.664527 0.003538
0.681271 0.003638
0.885831 0.006362
0.932219 0.004583
0.830026 0.001966
0.700707 0.003515
0.759647 0.005352
0.807209 0.005896
0.578036 0.006048
0.879228 0.006139
0.750384 0.003663
0.646175 0.002829
0.729139 0.003711
0.835116 0.003740
0.894437 0.004014
0.763383 0.004459
0.808285 0.004651
0.715958 0.003875
0.645312 0.003774
0.745448 0.005409
0.681477 0.005368
0.808858 0.004333
0.796571 0.005870
0.823580 0.005364
0.672049 0.004352
0.806755 0.002549
0.026241 0.005213
0.781702 0.006792
0.824205 0.006209
0.821597 0.008722
0.872938 0.002959
0.521025 0.002636
0.838537 0.005556
0.763753 0.001943
0.026642 0.005795
0.659516 0.002523
0.000000 0.003556
0.847580 0.005498
0.763923 0.001631
0.738427 0.003386
0.793698 0.002582
0.862733 0.003755
0.504980 0.001264
0.268499 0.005426
0.813555 0.008569
0.670406 0.005257
0.681901 0.003624
0.585062 0.005256
0.779598 0.004442
0.856709 0.006220
0.740993 0.005517
0.737665 0.006118
0.836836 0.005760
0.000000 0.004488
0.278200 0.007476
0.064863 0.004586
0.679490 0.001396
0.386914 0.004350
0.688395 0.001988
0.769224 0.003990
0.016396 0.007043
0.700811 0.002549
0.727022 0.002538
0.894685 0.007356
0.766452 0.003828
0.899667 0.005376
0.511650 0.003750
0.724391 0.003612
0.548841 0.005350
0.574236 0.004600
0.600901 0.005335
0.673068 0.005384
0.912642 0.004849
0.628506 0.002628
0.813839 0.006499
0.685095 0.005652
0.794032 0.002981
0.715706 0.005418
0.737467 0.006108
0.783425 0.006393
0.812800 0.006857
0.745083 0.007230
0.713413 0.003900
0.704341 0.001695
0.691418 0.001859
0.862398 0.004403
0.612375 0.007081
0.651887 0.004078
0.696350 0.005974
0.784966 0.003717
0.705383 0.005985
0.716957 0.005467
0.330793 0.006043
0.508314 0.006577
0.830083 0.004269
0.690089 0.002476
0.452729 0.003067
0.000000 0.005628
0.562634 0.004573
0.780401 0.005457
0.627903 0.004486
0.000000 0.005643
0.842353 0.003538
0.626808 0.003480
0.695242 0.003671
0.672484 0.005421
0.572332 0.003241
0.814940 0.003819
0.682093 0.003609
0.852832 0.003782
0.769408 0.003947
0.818318 0.004118
0.713678 0.002530
0.855790 0.004527
0.694090 0.005617
0.715670 0.003125
0.697682 0.005854
0.777148 0.003655
0.623853 0.001920
0.929597 0.005182
0.806228 0.006664
0.968983 0.002970
0.828729 0.006533
0.652484 0.006020
0.626996 0.006007
0.802283 0.006306
0.832023 0.005344
0.759904 0.006213
0.735280 0.005432
0.733466 0.005337
0.811299 0.002589
0.784990 0.005350
0.640365 0.003586
0.497113 0.004536
0.880993 0.007091
0.783897 0.002560
0.634275 0.001947
0.804683 0.007123
0.569296 0.004116
0.725257 0.003725
0.662755 0.004916
0.622108 0.001942
0.798554 0.005396
0.690027 0.005242
0.775771 0.004390
0.800784 0.005505
0.600106 0.006360
0.862046 0.006904
0.596334 0.003931
0.793097 0.002035
0.653266 0.002917
0.559307 0.001962
0.800510 0.003529
0.662367 0.005433
0.567852 0.002566
0.016618 0.005580
0.427474 0.005418
0.746868 0.003932
0.792323 0.003541
0.730271 0.002693
0.803254 0.007462
0.274214 0.006155
0.750003 0.004999
0.000000 0.004765
0.473151 0.003866
0.331162 0.001678
0.742197 0.002021
0.002483 0.007425
0.880556 0.006245
0.762504 0.005147
0.561628 0.005201
0.573779 0.006086
0.789351 0.002650
0.640802 0.005342
0.849079 0.006947
0.723639 0.004148
0.274604 0.004761
0.499222 0.002623
0.413410 0.003595
0.800023 0.003535
0.739651 0.004292
0.757198 0.004433
0.892064 0.006795
0.887540 0.004509
0.734588 0.003913
0.265756 0.007394
0.611401 0.004544
0.741328 0.002049
0.912060 0.005470
0.631334 0.005246
0.612191 0.003729
0.596456 0.006537
0.416527 0.002644
0.646412 0.003635
0.729454 0.002937
0.539799 0.002541
0.668618 0.002680
0.266298 0.006095
0.817496 0.006506
0.754757 0.003356
0.911339 0.003904
0.766995 0.003898
0.781560 0.005205
0.636352 0.006159
0.602222 0.002698
0.717067 0.004360
0.713795 0.003997
0.380239 0.003792
0.632724 0.004021
0.821267 0.005896
0.771844 0.003560
0.600253 0.003712
0.867807 0.006053
0.748403 0.002605
0.841258 0.005266
0.516591 0.005357
0.644648 0.002662
0.569263 0.005395
0.652448 0.005532
0.601332 0.005213
0.807053 0.008320
0.980861 0.008682
0.683529 0.003624
0.496826 0.006644
0.674970 0.003464
0.770153 0.006444
0.558840 0.005980
0.683870 0.006243
0.743556 0.003845
0.714861 0.005340
0.928693 0.007222
0.707141 0.004425
0.824192 0.006719
0.760613 0.006647
0.605260 0.005487
0.827938 0.002582
0.475908 0.002822
0.623203 0.005365
0.826878 0.007709
0.866241 0.004007
0.740330 0.005203
0.714648 0.004414
0.655960 0.002612
0.684986 0.004495
0.734382 0.003031
0.821604 0.007350
0.767437 0.003634
0.869560 0.007226
0.777847 0.003998
0.566120 0.005104
0.606257 0.003626
0.743684 0.004488
0.746584 0.005478
0.966644 0.003651
0.786282 0.002089
0.664693 0.004437
0.700207 0.006775
0.843742 0.004360
0.617423 0.005366
