0.687370 0.011176
0.725285 0.003076
0.853885 0.007193
0.907433 0.007396
0.851120 0.002960
0.783100 0.002971
0.703063 0.005892
0.634823 0.002224
0.854789 0.004316
0.799885 0.002964
0.692188 0.003061
0.744703 0.005413
0.737248 0.003415
0.754793 0.005353
0.830417 0.004059
0.716004 0.005056
0.819158 0.004053
0.703782 0.006784
0.690162 0.003729
0.807402 0.004104
0.690072 0.005952
0.841121 0.003032
0.779847 0.002962
0.865232 0.008658
0.799483 0.004108
0.811891 0.003952
0.710710 0.004539
0.847293 0.002929
0.818390 0.002959
0.828465 0.004074
0.771829 0.002297
0.919473 0.004448
0.833550 0.002919
0.854728 0.002270
0.883764 0.003352
0.817596 0.003902
0.678944 0.001557
0.749112 0.003918
0.716976 0.004369
0.686952 0.002342
0.806270 0.003895
0.711640 0.003379
0.912256 0.003462
0.778187 0.002813
0.782800 0.002977
0.811813 0.006778
0.737162 0.003664
0.645453 0.003046
0.728886 0.003152
0.784073 0.002909
0.759385 0.003037
0.718855 0.004067
0.710043 0.003045
0.804375 0.004031
0.795371 0.005594
0.725454 0.002913
0.911673 0.003018
0.786902 0.003844
0.781744 0.005213
0.914145 0.004054
0.740986 0.003649
0.812193 0.002891
0.697672 0.003018
0.736651 0.004040
0.830510 0.003442
0.862604 0.007447
0.805699 0.004304
0.781292 0.004096
0.719117 0.002414
0.842193 0.002851
0.700906 0.002903
0.656601 0.003439
0.550638 0.001538
0.562821 0.002969
0.801401 0.004193
0.786297 0.003973
0.722280 0.004383
0.746869 0.003745
0.860473 0.003452
0.741486 0.003515
0.794939 0.003893
0.775978 0.004394
0.702078 0.003869
0.644625 0.003866
0.860875 0.004964
0.688079 0.004710
0.796322 0.003132
0.866768 0.004029
0.640173 0.003091
0.731496 0.004966
0.737955 0.002911
0.764889 0.005788
0.905669 0.004312
0.857912 0.004020
0.662037 0.006211
0.756557 0.002859
0.527765 0.003079
0.734357 0.004547
0.772367 0.003381
0.761743 0.005085
0.745481 0.002964
0.731926 0.003003
0.649239 0.004406
0.655856 0.002258
0.742262 0.002916
0.705818 0.002814
0.777986 0.002951
0.929101 0.005151
0.624928 0.004432
0.729305 0.004060
0.808976 0.003831
0.732513 0.004231
0.786430 0.003019
0.794377 0.004464
0.768426 0.005025
0.836201 0.003961
0.819184 0.004358
0.780461 0.003480
0.854786 0.004539
0.783222 0.003794
0.879882 0.004038
0.751984 0.005154
0.800241 0.006056
0.716091 0.003546
0.707674 0.003589
0.786671 0.004368
0.777105 0.003035
0.756427 0.002292
0.768384 0.003989
0.730454 0.004360
0.715076 0.004364
0.702268 0.003767
0.787138 0.002842
0.693980 0.003055
0.760668 0.003547
0.779927 0.004766
0.551358 0.001574
0.680255 0.002939
0.658307 0.004316
0.614529 0.002854
0.727153 0.004748
0.718374 0.002943
0.635148 0.001558
0.601413 0.003476
0.702298 0.003912
0.834383 0.003052
0.743681 0.004044
0.495922 0.001532
0.740431 0.005409
0.758993 0.004336
0.719182 0.004390
0.830236 0.004566
0.722375 0.002884
0.605453 0.003333
0.584337 0.003984
0.612028 0.002866
0.624487 0.003791
0.796218 0.003936
0.719108 0.003444
0.804913 0.003497
0.739325 0.003000
0.788980 0.003422
0.755044 0.005450
0.750796 0.002965
0.748416 0.002224
0.754318 0.002436
0.824550 0.004036
0.770330 0.003525
0.763770 0.003543
0.738834 0.003320
0.568238 0.003653
0.855756 0.003888
0.803993 0.003220
0.717576 0.002838
0.831982 0.003785
0.822255 0.004902
0.759331 0.003786
0.749060 0.002959
0.676674 0.007278
0.757884 0.002220
0.604901 0.004241
0.687064 0.004328
0.812401 0.006726
0.733684 0.003920
0.733688 0.002309
0.628705 0.004395
0.679960 0.002917
0.729140 0.005136
0.760754 0.003840
0.733882 0.002396
0.740354 0.004077
0.581046 0.003820
0.613490 0.003382
0.702165 0.003003
0.621190 0.002882
0.676667 0.003875
0.777205 0.003595
0.722667 0.010686
0.749150 0.003439
0.938481 0.004150
0.743151 0.003426
0.002118 0.002408
0.723301 0.002894
0.751464 0.002977
0.778654 0.003899
0.733035 0.005011
0.669799 0.005981
0.626051 0.005762
0.825661 0.003103
0.739200 0.003508
0.772037 0.002294
0.729856 0.002210
0.716223 0.004882
0.923066 0.004719
0.692160 0.005793
0.600341 0.002911
0.759205 0.003235
0.731421 0.003027
0.859775 0.005210
0.729356 0.004702
0.723940 0.004416
0.750868 0.003531
0.786409 0.004530
0.833910 0.004473
0.729358 0.005004
0.847511 0.002914
0.894325 0.005100
0.714107 0.002280
0.584593 0.002881
0.850349 0.002989
0.761021 0.002910
0.829829 0.005406
0.783316 0.004832
0.687500 0.003220
0.775000 0.003449
0.585815 0.003178
0.570621 0.003348
0.688707 0.003287
0.528985 0.004964
0.759225 0.002256
0.726682 0.002926
0.696701 0.003142
0.857719 0.003453
0.743951 0.002953
0.688709 0.002891
0.890438 0.006029
0.730474 0.002368
0.725761 0.003579
0.705336 0.006721
0.844165 0.003885
0.838231 0.004437
0.767952 0.004368
0.772648 0.005280
0.801192 0.003956
0.601847 0.004164
0.865706 0.003859
0.822220 0.004922
0.802847 0.003138
0.775139 0.003001
0.788625 0.002250
0.752980 0.003834
0.674301 0.002946
0.640362 0.003871
0.858253 0.004353
0.826786 0.004298
0.745320 0.003448
0.624618 0.005395
0.738394 0.005451
0.817105 0.003530
0.768586 0.005204
0.681300 0.002969
0.690427 0.005808
0.663821 0.002871
0.679115 0.003533
0.775996 0.003957
0.766101 0.003996
0.704957 0.003953
0.759834 0.002307
0.792378 0.004090
0.912632 0.004493
0.867451 0.003947
0.712169 0.002961
0.841795 0.004406
0.860103 0.003447
0.610605 0.003274
0.788742 0.002892
0.868594 0.004902
0.704631 0.003148
0.650004 0.002987
0.779898 0.002876
0.879135 0.003913
0.942807 0.004880
0.817055 0.005480
0.651230 0.002953
0.948361 0.003063
0.748851 0.003021
0.784562 0.007082
0.688766 0.002875
0.740888 0.006972
0.771416 0.004380
0.629192 0.003480
0.781269 0.003013
0.836600 0.002950
0.696536 0.002239
0.768591 0.002917
0.795571 0.003001
0.646283 0.004436
0.764094 0.002963
0.707747 0.004331
0.856492 0.005049
0.890697 0.005725
0.796075 0.004043
0.707785 0.002857
0.596934 0.003360
0.800790 0.002979
0.758224 0.004412
0.895082 0.004261
0.715462 0.002295
0.898545 0.003826
0.805302 0.003591
0.748044 0.002983
0.725568 0.003937
0.653338 0.002935
0.768629 0.002903
0.772053 0.004003
0.720440 0.003364
0.859170 0.006725
0.867164 0.003038
0.806877 0.003106
0.690390 0.002323
0.725369 0.002964
0.910586 0.006170
0.704486 0.003456
0.824772 0.003504
0.802093 0.005016
0.647126 0.001836
0.865285 0.009034
0.804192 0.002830
0.773006 0.003244
0.785234 0.003997
0.734750 0.002878
0.758893 0.002870
0.761454 0.003615
0.733698 0.003528
0.786447 0.002272
0.631632 0.004453
0.791462 0.003005
0.866448 0.005561
0.541638 0.001575
0.728386 0.003077
0.844935 0.002354
0.684920 0.002311
0.692720 0.002845
0.813185 0.004120
0.762260 0.003423
0.724362 0.002953
0.732931 0.002936
0.826262 0.005071
0.745478 0.003856
0.669444 0.002989
0.743619 0.004280
0.813021 0.001520
0.710535 0.004067
0.615783 0.006242
0.751534 0.004464
0.648161 0.004056
0.818746 0.005148
0.776720 0.005575
0.813501 0.006920
0.751214 0.002978
0.715476 0.002911
0.786497 0.003778
0.781676 0.004780
0.821317 0.005312
0.706058 0.004057
0.725817 0.002904
0.734004 0.004041
0.735963 0.004559
0.739982 0.004122
0.708929 0.003124
0.813463 0.004963
0.568967 0.007169
0.799237 0.005924
0.746082 0.002644
0.547943 0.002284
0.796516 0.004701
0.785440 0.003565
0.711762 0.001531
0.623710 0.003299
0.727296 0.003110
0.674002 0.004086
0.730751 0.004297
0.780342 0.003483
0.753956 0.004461
0.791648 0.003453
0.798717 0.004018
0.495135 0.005026
0.800527 0.002926
0.667343 0.002217
0.864914 0.004309
0.700612 0.004234
0.787954 0.006321
0.897423 0.003048
0.790914 0.003799
0.715063 0.001479
0.580849 0.003206
0.714986 0.004379
0.625337 0.003412
0.690959 0.003023
0.854737 0.005731
0.799253 0.003898
0.795255 0.006001
0.803692 0.005402
0.727871 0.002198
0.793754 0.003038
0.671315 0.004593
0.781113 0.002261
0.770356 0.005417
0.711853 0.004399
0.891319 0.005339
0.794147 0.003412
0.760682 0.003428
0.837483 0.004448
0.708825 0.002966
0.795071 0.003911
0.760552 0.004882
0.818607 0.004096
0.781330 0.003067
0.757326 0.003010
0.868632 0.003123
0.719323 0.002210
0.670305 0.003901
0.819461 0.012837
0.827006 0.005038
0.744140 0.005397
0.672019 0.004905
0.736197 0.014341
0.782238 0.003256
0.735558 0.003424
0.822763 0.002990
0.753694 0.002857
0.825505 0.003972
0.747484 0.003209
0.636887 0.003804
0.818255 0.002914
0.650556 0.002324
0.770415 0.003581
0.764459 0.003759
0.751163 0.003028
0.804762 0.002920
0.774693 0.004941
0.676859 0.003312
0.876469 0.004740
0.920984 0.003244
0.779074 0.003373
0.775916 0.004402
0.693991 0.004030
0.776070 0.003403
0.666216 0.002275
0.691299 0.007120
0.706868 0.006462
0.774463 0.006630
0.744456 0.005892
0.785894 0.004381
0.543448 0.003999
0.842524 0.002274
0.709905 0.003921
0.622159 0.001657
0.811657 0.002289
0.799395 0.004359
0.628440 0.003948
0.835215 0.006030
0.674694 0.003434
0.786016 0.002962
0.776156 0.003386
0.724768 0.006760
0.728713 0.001524
0.718304 0.003481
0.729728 0.003304
0.804746 0.004556
0.785198 0.003268
0.786236 0.002913
0.692339 0.002942
0.779304 0.003388
0.751600 0.004911
0.576727 0.002219
0.819033 0.003318
0.699550 0.002895
0.927439 0.005130
0.642433 0.002915
0.775942 0.003926
0.778315 0.008843
0.737574 0.003556
0.824469 0.005560
0.769479 0.003935
0.697311 0.002298
0.834549 0.005366
0.796150 0.004170
0.852650 0.004174
0.615933 0.002337
0.818079 0.003848
0.775320 0.003972
0.818921 0.002251
0.719277 0.003030
0.725602 0.004905
0.703416 0.002980
0.569888 0.001516
0.746566 0.004486
0.647731 0.002991
0.867074 0.005934
0.586423 0.001689
0.745307 0.003403
0.719105 0.002925
0.741933 0.005067
0.712875 0.002949
0.576162 0.003716
0.741594 0.003475
0.790182 0.004561
0.579925 0.004202
0.672955 0.003442
0.699180 0.005620
0.667755 0.002882
0.765685 0.003505
0.634847 0.002950
0.722498 0.003081
0.696857 0.004022
0.747328 0.003469
0.684181 0.002328
0.713008 0.003076
0.674747 0.003063
0.645950 0.004062
0.615007 0.004009
0.696269 0.005919
0.845018 0.003163
0.560483 0.003506
0.821477 0.005024
0.824779 0.004254
0.796969 0.004529
0.717011 0.003063
0.759713 0.002971
0.789250 0.003585
0.678487 0.003511
0.760213 0.004262
0.707828 0.006485
0.794912 0.010876
0.699413 0.008431
0.769993 0.006276
0.768150 0.005793
0.750348 0.004237
0.678754 0.002920
0.679398 0.004165
0.722745 0.002995
0.798709 0.002940
0.725093 0.003271
0.862420 0.003154
0.851490 0.004589
0.785655 0.002354
0.750472 0.002939
0.755413 0.005211
0.685805 0.002849
0.722549 0.003015
0.744354 0.006076
0.700384 0.003151
0.772053 0.003580
0.673236 0.004135
0.740646 0.003608
0.702179 0.004741
0.606130 0.003016
0.740743 0.004654
0.730059 0.004000
0.705138 0.005383
0.552337 0.002256
0.711882 0.003790
0.848515 0.002468
0.814692 0.005061
0.760685 0.005571
0.818309 0.006073
0.763298 0.003758
0.822988 0.005806
0.567724 0.003029
0.852176 0.003578
0.694063 0.004076
0.707568 0.002264
0.674209 0.004184
0.639345 0.004386
0.610446 0.003327
0.708920 0.006058
0.750608 0.003850
0.718123 0.003427
0.815437 0.003595
0.854511 0.002900
0.798686 0.002908
0.894555 0.002933
0.643905 0.002923
0.728261 0.003001
0.747673 0.004237
0.725508 0.002298
0.829592 0.003639
0.706334 0.002944
0.681262 0.003151
0.635484 0.002254
0.705228 0.002900
0.705675 0.004886
0.813001 0.003696
0.773692 0.001463
0.641635 0.002252
0.708636 0.003059
0.650035 0.006151
0.695497 0.003235
0.802185 0.006720
0.776144 0.005522
0.808528 0.004444
0.661435 0.002898
0.620111 0.004471
0.777705 0.002904
0.816928 0.002199
0.654678 0.002997
0.806282 0.003564
0.872834 0.002960
0.800676 0.004176
0.745574 0.003125
0.646771 0.002806
0.714865 0.004033
0.774858 0.004290
0.864388 0.006897
0.720408 0.002984
0.623192 0.003134
0.716432 0.005501
0.853462 0.001566
0.684168 0.003470
0.700287 0.003689
0.754740 0.005853
0.877288 0.003264
0.701401 0.004334
0.716478 0.003875
0.691858 0.004861
0.447813 0.003764
0.654035 0.004094
0.700759 0.002229
0.691154 0.004906
0.715165 0.001872
0.846392 0.003047
0.778221 0.005368
0.786727 0.005816
0.670542 0.003412
0.734783 0.003002
0.927466 0.005466
0.912952 0.007246
0.808399 0.003941
0.770688 0.009929
0.867635 0.002811
0.745257 0.002878
0.792889 0.004106
0.571417 0.004088
0.802726 0.004970
0.728900 0.005132
0.712271 0.002955
0.633347 0.002255
0.732114 0.013062
0.694764 0.003887
0.797355 0.005574
0.794725 0.005237
0.735668 0.002933
0.779368 0.002907
0.776808 0.003998
0.686475 0.003432
0.725260 0.003472
0.786467 0.003055
0.807203 0.002944
0.804709 0.002983
0.862973 0.004471
0.755744 0.004168
0.746104 0.004106
0.881523 0.003942
0.840531 0.003050
0.817172 0.003002
0.864479 0.003666
0.754259 0.026807
0.560125 0.004047
0.757375 0.002934
0.840026 0.003197
0.758743 0.002919
0.801511 0.003845
0.830282 0.004369
0.744895 0.003377
0.636387 0.006682
0.821683 0.003298
0.551184 0.003351
0.757334 0.003826
0.692032 0.003002
0.821574 0.003242
0.635650 0.004032
0.878820 0.002255
0.835124 0.003294
0.604893 0.004022
0.706016 0.005473
0.779269 0.003352
0.724054 0.002973
0.733400 0.002881
0.813916 0.006594
0.650921 0.003394
0.746780 0.004369
0.662688 0.002648
0.722023 0.006528
0.677753 0.004946
0.679059 0.003581
0.636301 0.003626
0.764204 0.003571
0.768267 0.002958
0.726918 0.002946
0.583760 0.003407
0.810986 0.003096
0.848452 0.003584
0.734584 0.002243
0.724405 0.002878
0.663956 0.006081
0.689955 0.003450
0.763322 0.003527
0.709903 0.006598
0.702128 0.003062
0.666123 0.003009
0.682494 0.002990
0.681078 0.002951
0.632634 0.001569
0.932405 0.004408
0.863803 0.003920
0.725340 0.002353
0.842109 0.004554
0.779991 0.004593
0.664902 0.005487
0.740184 0.004002
0.654882 0.004041
0.770046 0.002959
0.631854 0.003822
0.801928 0.006048
0.702248 0.003828
0.710832 0.004136
0.822050 0.002130
0.668020 0.007325
0.847124 0.005413
0.655831 0.002884
0.722898 0.004397
0.647542 0.005218
0.757838 0.003494
0.720480 0.002468
0.758096 0.003935
0.818321 0.003794
0.821543 0.006647
0.725918 0.003859
0.761652 0.002881
0.871809 0.006786
0.758155 0.003534
0.676935 0.003086
0.730272 0.002929
0.711003 0.002257
0.830381 0.002965
0.835948 0.003892
0.534831 0.004110
0.844173 0.003485
0.624231 0.002959
0.814446 0.005610
0.660777 0.002988
0.923490 0.003189
0.708928 0.005108
0.835148 0.003624
0.746042 0.003489
0.525328 0.001571
0.807158 0.003810
0.895551 0.006080
0.746317 0.004109
0.761577 0.003000
0.764657 0.002872
0.770037 0.002906
0.516492 0.001555
0.747348 0.001530
0.874178 0.005605
0.732981 0.004082
0.634165 0.002809
0.767714 0.004031
0.761819 0.003153
0.625579 0.003011
0.830147 0.005613
0.760373 0.002237
0.767454 0.002274
0.910218 0.003467
0.591222 0.004266
0.758054 0.002415
0.843009 0.004341
0.857099 0.002261
0.586433 0.003199
0.719537 0.003148
0.583826 0.001507
0.717082 0.003260
0.594789 0.003743
0.700407 0.003686
0.781994 0.004215
0.840884 0.005069
0.729210 0.002914
0.713076 0.005655
0.814541 0.003016
0.735795 0.005533
0.641369 0.006289
0.744370 0.005689
0.651447 0.002948
0.676570 0.002881
0.749758 0.002920
0.675120 0.003338
0.810509 0.005151
0.661849 0.002306
0.711272 0.003875
0.829048 0.002911
0.739721 0.003008
0.784647 0.005549
0.690487 0.002909
0.746960 0.003069
0.757781 0.002946
0.672678 0.003555
0.813454 0.003913
0.865221 0.002977
0.896614 0.003897
0.652410 0.003336
0.801324 0.003000
0.792803 0.006503
0.717160 0.003336
0.696774 0.002922
0.607952 0.003556
0.761745 0.004706
0.665408 0.003492
0.808657 0.002922
0.710586 0.001568
0.699030 0.002240
0.764174 0.003192
0.795605 0.003869
0.827315 0.003604
0.728523 0.002290
0.627317 0.005104
0.901685 0.007229
0.611536 0.002879
0.838310 0.002989
0.810196 0.004230
0.593139 0.004066
0.857776 0.002992
0.721593 0.003938
0.784602 0.003059
0.900489 0.003376
0.663241 0.003226
0.699192 0.007353
0.804392 0.003029
0.648594 0.002821
0.726971 0.003239
0.744931 0.003595
0.730151 0.002898
0.755554 0.007917
0.753656 0.003607
0.972172 0.008129
0.737441 0.002367
0.727975 0.003278
0.624943 0.002381
0.712900 0.003254
0.792566 0.004927
0.790813 0.006631
0.680164 0.002548
0.768203 0.005728
0.844083 0.002350
0.746488 0.002968
0.782238 0.003888
0.714060 0.004377
0.829831 0.004221
0.885459 0.002886
0.753394 0.004446
0.729989 0.002322
0.708374 0.005143
0.755618 0.002963
0.704307 0.005024
0.651558 0.002302
0.810911 0.004480
0.753328 0.005427
0.529621 0.001544
0.748601 0.003187
0.798186 0.005617
0.769817 0.004318
0.551824 0.003805
0.778760 0.003621
0.507163 0.003157
0.784748 0.007179
0.709997 0.004199
0.813596 0.004658
0.676139 0.003020
0.572552 0.002977
0.660978 0.004922
0.739596 0.003549
0.587189 0.001574
0.801373 0.004812
0.687003 0.004126
0.810911 0.004027
0.790043 0.004020
0.823299 0.002994
0.660388 0.001521
0.762027 0.003085
0.778750 0.005387
0.751896 0.002886
0.766482 0.005415
0.681146 0.004665
0.702590 0.013422
0.706748 0.006404
0.841682 0.002948
0.683239 0.003429
0.766083 0.003127
0.729046 0.003051
0.755912 0.004960
0.782741 0.003438
0.697054 0.003731
0.705285 0.004043
0.730360 0.001515
0.778571 0.004024
0.644956 0.002950
0.709121 0.003973
0.882414 0.002318
0.750502 0.005564
0.746409 0.003019
0.611961 0.001850
0.810382 0.005622
0.738991 0.009222
0.838392 0.003781
0.601652 0.003523
0.713395 0.001521
0.795302 0.004910
0.836680 0.004360
0.727785 0.003921
0.820593 0.004240
0.773616 0.002962
0.734267 0.002977
0.834618 0.003075
0.634700 0.003221
0.717292 0.003967
0.727184 0.002172
0.685587 0.004384
0.891259 0.003984
0.803560 0.004457
0.864060 0.002813
0.806107 0.004784
0.716148 0.005032
0.802150 0.005089
0.727421 0.002931
0.810132 0.005038
0.767065 0.003630
0.707280 0.004184
0.712735 0.002902
0.739766 0.003349
0.735030 0.004073
0.805842 0.003340
0.776542 0.002874
0.838861 0.004024
0.743736 0.004351
0.727102 0.002941
0.618435 0.002784
0.703663 0.003013
0.797101 0.002149
0.735933 0.003432
0.827791 0.005574
0.838971 0.002926
0.735465 0.003071
0.857372 0.006603
0.788981 0.004135
0.724025 0.002287
0.697302 0.006635
0.860264 0.002957
0.750611 0.003237
0.840044 0.004283
0.659450 0.004415
0.745806 0.003617
0.805780 0.006612
0.802445 0.005100
0.811365 0.003996
0.748702 0.002826
0.732495 0.004986
0.582845 0.003494
0.865041 0.004056
0.696005 0.003990
0.776469 0.002301
0.803731 0.002913
0.679394 0.003065
0.840057 0.003951
0.679983 0.003516
0.744570 0.004025
0.838408 0.003532
0.925420 0.005964
0.750488 0.003203
0.737794 0.002269
0.665962 0.005283
0.864726 0.002824
0.721391 0.002899
0.865619 0.006585
0.793790 0.009550
0.896077 0.004922
0.588999 0.002976
0.744245 0.002981
0.652943 0.003822
0.703191 0.002941
0.697983 0.003062
0.733254 0.002946
0.756337 0.003014
0.801487 0.006380
0.734535 0.003472
0.786542 0.003017
0.616299 0.003485
0.817220 0.004907
0.760328 0.003008
0.789206 0.004179
0.771214 0.005005
0.795988 0.002885
0.691173 0.003569
0.692494 0.002903
0.741945 0.003470
0.541372 0.002863
0.682843 0.003647
0.817022 0.003439
0.810218 0.005509
0.754993 0.003368
0.686851 0.002932
0.732665 0.003877
0.839910 0.008247
0.734246 0.002323
0.759515 0.002224
0.886391 0.003500
0.783193 0.004911
0.864464 0.003041
0.807747 0.004097
0.751072 0.005514
0.857721 0.003497
0.787871 0.002328
0.753580 0.003403
0.773238 0.004088
0.875878 0.002844
0.713484 0.002335
0.715793 0.002381
0.816790 0.003720
0.738495 0.002901
0.686416 0.002957
0.721407 0.004382
0.761566 0.006714
0.745594 0.007680
0.749814 0.005702
0.832003 0.008322
0.672920 0.005067
0.765747 0.005352
0.744927 0.003889
0.760888 0.004338
0.856186 0.003214
0.893125 0.004275
0.664401 0.005411
0.777866 0.002982
0.621166 0.002880
0.734495 0.002323
0.815177 0.002961
0.750334 0.002999
0.690308 0.002897
0.694850 0.003550
0.867096 0.002216
0.633289 0.003991
0.772222 0.005406
0.846205 0.004296
0.802198 0.002926
0.679615 0.001516
0.752380 0.003815
0.793837 0.002855
0.848771 0.004092
0.775920 0.005841
0.776944 0.005145
0.690373 0.004631
0.736269 0.004214
0.712148 0.003293
0.760609 0.003443
0.960872 0.005267
0.787394 0.003275
0.727319 0.002232
0.868708 0.004824
0.649632 0.002228
0.743257 0.003098
0.769163 0.004819
0.804714 0.005024
0.717927 0.003880
0.752471 0.002866
0.711208 0.003289
0.664863 0.004469
0.754662 0.003239
0.888640 0.003916
0.790220 0.004376
0.725391 0.004969
0.778381 0.002240
0.599177 0.002599
0.788129 0.003983
0.762487 0.006037
0.762754 0.002900
0.717196 0.002921
0.793102 0.003020
0.792339 0.005373
0.749782 0.003000
0.752106 0.002821
0.760268 0.003378
0.834993 0.005515
0.715286 0.002837
0.580001 0.002221
0.832551 0.004146
0.821972 0.004005
0.755847 0.003477
0.768369 0.003351
0.694512 0.003379
0.794781 0.003071
0.742907 0.003376
0.729988 0.003531
0.703754 0.004550
0.866811 0.002907
0.713345 0.003900
0.742123 0.004538
0.902588 0.003579
0.815127 0.003943
0.773269 0.003036
0.746664 0.002265
0.725586 0.002855
0.689772 0.007952
0.819883 0.005230
0.767425 0.006690
0.708144 0.004974
0.613735 0.002232
0.743463 0.004930
0.784256 0.003833
0.589749 0.005007
0.810099 0.004400
0.744628 0.002203
0.746985 0.002362
0.887382 0.003263
0.708683 0.003594
0.729342 0.002415
0.791128 0.004400
0.683299 0.003052
0.766763 0.002953
0.796240 0.003482
0.778075 0.003438
0.854428 0.004554
0.794358 0.003004
0.749552 0.002873
0.881395 0.003901
0.723729 0.003315
0.828596 0.002348
0.690438 0.002908
0.677978 0.004669
0.705295 0.003025
0.683041 0.003893
0.839746 0.005474
0.772844 0.003008
0.740275 0.003393
0.838007 0.003564
0.651877 0.004334
0.911958 0.003575
0.724500 0.002949
0.593866 0.003365
0.745310 0.003463
0.728247 0.004936
0.916889 0.004302
0.707387 0.002977
0.652029 0.002828
0.862355 0.003545
0.835220 0.005518
0.765389 0.006656
0.657264 0.005238
0.929526 0.004320
0.696600 0.005870
0.760534 0.002345
0.684206 0.002874
0.696575 0.003761
0.730607 0.002988
0.787513 0.002989
0.698648 0.002308
0.723084 0.004294
0.713578 0.002987
0.751493 0.004029
0.686716 0.004022
0.808181 0.003537
0.684004 0.002257
0.723347 0.004360
0.800726 0.004365
0.744961 0.003237
0.849442 0.002251
0.785212 0.003479
0.594924 0.005357
0.583620 0.004081
0.753593 0.002798
0.860985 0.004940
0.760804 0.002982
0.781718 0.002907
0.737643 0.004954
0.790587 0.004121
0.759523 0.004257
0.762924 0.004305
0.666021 0.002926
0.777398 0.006112
0.833409 0.003463
0.763231 0.005018
0.729614 0.002962
0.794661 0.004311
0.759328 0.003069
0.591582 0.003535
0.765606 0.006122
0.690127 0.002901
0.917795 0.005032
0.607974 0.003016
0.851288 0.002245
0.775901 0.008324
0.790296 0.002799
0.886730 0.001527
0.605512 0.007135
0.833746 0.004824
0.774782 0.005664
0.771456 0.002873
0.764397 0.006296
0.914830 0.004992
0.751218 0.003066
0.823891 0.002953
0.783360 0.004416
0.841794 0.004506
0.812818 0.003611
0.748273 0.002233
0.626743 0.003434
0.776180 0.003018
0.641344 0.003299
0.657926 0.002456
0.627204 0.002991
0.742144 0.005088
0.603180 0.003536
0.779469 0.003181
0.712225 0.003831
0.725289 0.004995
0.642549 0.001478
0.821353 0.003424
0.715491 0.004360
0.718251 0.005168
0.754719 0.003286
0.734462 0.003072
0.692776 0.004681
0.798339 0.004795
0.703336 0.004335
0.731409 0.002968
0.665262 0.002940
0.571709 0.003098
0.790782 0.004285
0.711729 0.004012
0.492159 0.002752
0.902617 0.004309
0.767073 0.002969
0.544647 0.005190
0.578943 0.002218
0.746980 0.005719
0.635110 0.003541
0.744406 0.005861
0.760058 0.007503
0.810139 0.003918
0.732852 0.003911
0.772216 0.003100
0.598265 0.002222
0.664127 0.002234
0.737292 0.004593
0.787684 0.005099
0.710744 0.005157
0.396611 0.004333
0.719641 0.002942
0.717839 0.004838
0.723710 0.003036
0.870157 0.003771
0.772165 0.003423
0.805750 0.007385
0.662276 0.002960
0.693027 0.003057
0.670029 0.003834
0.747062 0.005915
0.699563 0.008197
0.533199 0.005059
0.669020 0.003957
0.584857 0.005152
0.659130 0.005589
0.796258 0.004281
0.809024 0.007095
0.843342 0.009490
0.713214 0.004945
0.708111 0.004272
0.621583 0.003366
0.569218 0.004392
0.748955 0.005409
0.372172 0.002915
0.669163 0.004354
0.624963 0.003856
0.800661 0.006134
0.383895 0.003862
0.503319 0.004199
0.794175 0.005626
0.829598 0.006027
0.643323 0.008908
0.667446 0.005277
0.678174 0.006392
0.718420 0.005329
0.695508 0.007758
0.690165 0.004371
0.566868 0.007522
0.739902 0.004320
0.509512 0.002851
0.690452 0.007293
0.749425 0.005081
0.746085 0.004305
0.574672 0.005855
0.473536 0.005183
0.735778 0.003415
0.812355 0.003959
0.709291 0.003951
0.928839 0.005041
0.732902 0.004311
0.547690 0.002264
0.865600 0.004257
0.533904 0.004393
0.640555 0.004322
0.734742 0.003908
0.773558 0.004232
0.812014 0.004915
0.527793 0.005108
0.648822 0.004394
0.572739 0.004108
0.663307 0.007369
0.624822 0.004359
0.767066 0.004224
0.931539 0.004673
0.772534 0.004280
0.705898 0.006018
0.396985 0.004393
0.340429 0.002912
0.813800 0.005332
0.780295 0.006799
0.472048 0.005701
0.585900 0.004805
0.604290 0.006824
0.570049 0.006585
0.543083 0.005848
0.752689 0.004180
0.666544 0.002949
0.664780 0.006485
0.678305 0.002955
0.506238 0.004017
0.551791 0.003998
0.695097 0.005491
0.576965 0.005164
0.749614 0.006778
0.829318 0.005541
0.690357 0.005054
0.746948 0.003472
0.793640 0.006133
0.672148 0.004184
0.660737 0.006339
0.708435 0.004994
0.722105 0.006654
0.774418 0.007037
0.681059 0.004064
0.704901 0.005977
0.513532 0.006615
0.663033 0.004206
0.752211 0.004817
0.534406 0.003335
0.569132 0.003293
0.747043 0.005222
0.670063 0.005638
0.000129 0.005960
0.593822 0.004985
0.587167 0.003006
0.722282 0.003571
0.748204 0.007160
0.810259 0.002419
0.826297 0.002909
0.680930 0.002263
0.657308 0.003074
0.640745 0.003412
0.758149 0.004016
0.729624 0.003959
0.725201 0.006685
0.662601 0.005166
0.759683 0.004848
0.647206 0.002880
0.813851 0.004955
0.810102 0.005064
0.676172 0.006077
0.359344 0.005389
0.681130 0.004996
0.769938 0.004093
0.809205 0.003873
0.781107 0.005460
0.685465 0.006894
0.732046 0.003927
0.778721 0.006194
0.765739 0.003487
0.653653 0.007003
0.692346 0.006093
0.561432 0.005874
0.689593 0.007301
0.623504 0.007105
0.871223 0.004255
0.778376 0.003503
0.615753 0.003898
0.755646 0.005281
0.752798 0.005909
0.439254 0.003835
0.667215 0.004932
0.711825 0.006044
0.609040 0.005534
0.323650 0.005931
0.647327 0.003933
0.456136 0.005141
0.735172 0.002309
0.716739 0.006629
0.619772 0.004336
0.901816 0.008215
0.594903 0.007264
0.746684 0.005507
0.000000 0.006083
0.298482 0.003548
0.647139 0.007383
0.663375 0.006435
0.753173 0.005455
0.679357 0.003756
0.646683 0.002917
0.752948 0.004838
0.691605 0.005945
0.334933 0.001480
0.781423 0.002874
0.598475 0.004423
0.641660 0.004299
0.571498 0.003915
0.767625 0.004861
0.744700 0.007306
0.362830 0.006124
0.693795 0.003668
0.692473 0.004305
0.475835 0.002949
0.571931 0.007547
0.773448 0.004760
0.667522 0.003951
0.562216 0.004215
0.569285 0.007394
0.607694 0.005517
0.791539 0.003947
0.676456 0.004469
0.658605 0.003582
0.673629 0.006793
0.607410 0.005517
0.530933 0.004250
0.399080 0.005548
0.725712 0.005029
0.688206 0.003873
0.706831 0.003386
0.635613 0.005037
0.601170 0.002930
0.848864 0.005484
0.663832 0.002960
0.743330 0.003828
0.576068 0.007952
0.628270 0.008926
0.292685 0.003487
0.597901 0.004817
0.684489 0.003177
0.593892 0.002994
0.582075 0.002305
0.771526 0.003559
0.824355 0.005685
0.716794 0.003388
0.655217 0.003764
0.802182 0.003871
0.774976 0.006499
0.741985 0.006892
0.796588 0.003969
0.605706 0.006353
0.675231 0.003865
0.680045 0.005109
0.596154 0.004576
0.833857 0.003370
0.432934 0.006852
0.467806 0.002944
0.608827 0.008914
0.843219 0.003538
0.648458 0.002366
0.676376 0.003991
0.482115 0.004009
0.495658 0.004813
0.729923 0.006035
0.733436 0.006341
0.702168 0.003224
0.707524 0.004366
0.561360 0.002823
0.713174 0.005059
0.572041 0.003592
0.358289 0.004840
0.359094 0.003170
0.718977 0.007491
0.833281 0.007086
0.665917 0.001539
0.624296 0.002986
0.795027 0.005083
0.798260 0.002921
0.571725 0.002905
0.762214 0.004151
0.925637 0.004397
0.781502 0.006828
0.908656 0.006530
0.649868 0.005534
0.870643 0.005522
0.783417 0.007489
0.746335 0.005642
0.647025 0.003997
0.693610 0.004508
0.807004 0.006182
0.666473 0.005193
0.781124 0.003935
0.787189 0.006090
0.631839 0.002954
0.708646 0.005736
0.606821 0.002387
0.655113 0.003524
0.754591 0.007416
0.685297 0.006066
0.737068 0.004689
0.903031 0.006421
0.751210 0.004103
0.628039 0.004352
0.745499 0.006899
0.530280 0.001489
0.685785 0.005218
0.775545 0.004781
0.596382 0.004332
0.745480 0.005131
0.691563 0.002899
0.782034 0.005060
0.762568 0.003806
0.863274 0.003542
0.675539 0.005773
0.721127 0.006196
0.864505 0.009516
0.696908 0.005662
0.574845 0.003867
0.761606 0.004787
0.563503 0.003322
0.707414 0.003028
0.692425 0.004969
0.830087 0.006268
0.804299 0.004179
0.596544 0.007167
0.518977 0.002921
0.654804 0.005584
0.649005 0.005387
0.463753 0.005369
0.105098 0.005899
0.727190 0.006968
0.601617 0.004377
0.503943 0.003940
0.742459 0.006100
0.613834 0.007666
0.926398 0.006140
0.797031 0.003867
0.726471 0.004701
0.903803 0.006758
0.765322 0.004928
0.471073 0.004580
0.793312 0.005518
0.761523 0.006368
0.691762 0.004034
0.779610 0.003996
0.806097 0.005814
0.694012 0.004349
0.688135 0.005947
0.799461 0.005178
0.846321 0.004215
0.847259 0.003881
0.783250 0.005257
0.869582 0.005534
0.576543 0.004790
0.747145 0.004106
0.877381 0.005098
0.781536 0.006796
0.750258 0.005484
0.860590 0.005212
0.836603 0.004297
0.722814 0.003993
0.778733 0.005704
0.874361 0.004449
0.779894 0.007273
0.864020 0.006269
0.858414 0.003847
0.753709 0.003944
0.670188 0.003419
0.566254 0.003418
0.768090 0.003357
0.675946 0.002867
0.757729 0.006703
0.918891 0.003394
0.674755 0.004373
0.807032 0.006201
0.658766 0.004047
0.664739 0.007309
0.807553 0.006705
0.753817 0.004188
0.742982 0.005240
0.932668 0.006940
0.914039 0.004465
0.666914 0.004482
0.723340 0.006572
0.718939 0.004531
0.832814 0.003955
0.876448 0.006274
0.520850 0.005237
0.818178 0.006155
0.854343 0.002930
0.872427 0.004290
0.913875 0.007275
0.622731 0.005050
0.903006 0.003516
0.736961 0.005017
0.795446 0.003906
0.722528 0.002943
0.760408 0.004286
0.699317 0.006014
0.832088 0.004404
0.684681 0.002863
0.672762 0.007507
0.749882 0.006121
0.648648 0.002878
0.763458 0.004443
0.843542 0.008851
0.834073 0.005106
0.537848 0.003605
0.722007 0.009747
0.776819 0.005477
0.761827 0.002861
0.899482 0.003737
0.588539 0.003297
0.683098 0.006032
0.788590 0.007572
0.785616 0.006402
0.804110 0.006625
0.828836 0.006073
0.586276 0.005367
0.651777 0.004108
0.759063 0.004581
0.768764 0.004512
0.772505 0.002928
0.659364 0.004169
0.887377 0.003885
0.882327 0.003367
0.879114 0.002927
0.847404 0.007338
0.791518 0.004290
0.785355 0.003450
0.801813 0.004399
0.859817 0.006150
0.948391 0.006133
0.836256 0.005075
0.781371 0.006743
0.831386 0.006175
0.900297 0.008594
0.670659 0.003546
0.724085 0.003094
0.600344 0.004685
0.833508 0.003634
0.898709 0.003928
0.768543 0.004447
0.753743 0.003531
0.901260 0.003893
0.775543 0.005182
0.708532 0.004177
0.629411 0.003929
0.730835 0.006014
0.655680 0.003898
0.879080 0.006036
0.789454 0.005581
0.821156 0.004864
0.825819 0.003929
0.575932 0.006002
0.695530 0.004347
0.741011 0.003634
0.858488 0.006513
0.754546 0.004238
0.843600 0.002875
0.902549 0.005543
0.753448 0.005435
0.828254 0.004778
0.978701 0.004465
0.665072 0.003421
0.687968 0.005149
0.691428 0.005023
0.856878 0.007303
0.683491 0.006879
0.849031 0.003907
0.794369 0.007144
0.727592 0.006246
0.578887 0.005871
0.752631 0.002868
0.795785 0.004511
0.809258 0.007688
0.836774 0.007092
0.792157 0.003651
0.733562 0.003780
0.701675 0.003510
0.730913 0.006353
0.774634 0.006715
0.783751 0.005566
0.718141 0.003194
0.809236 0.005962
0.813874 0.006418
0.809549 0.004503
0.679671 0.004166
0.854072 0.005237
0.707772 0.002893
0.864837 0.005193
0.815306 0.003500
0.940970 0.008376
0.810554 0.004900
0.818753 0.002970
0.830435 0.005294
0.833636 0.009293
0.777003 0.006364
0.745546 0.003925
0.815654 0.007538
0.825270 0.005619
0.855697 0.002874
0.877668 0.005423
0.787344 0.002864
0.834901 0.005413
0.891205 0.004947
0.807761 0.005442
0.862213 0.006822
0.727919 0.005787
0.743962 0.004966
0.815397 0.005844
0.816639 0.007555
0.831304 0.005108
0.863637 0.004249
0.774631 0.004088
0.742063 0.004864
0.835096 0.002942
0.854830 0.003505
0.812805 0.004871
0.820316 0.006068
0.788784 0.006112
0.791911 0.005400
0.856800 0.004471
0.941043 0.006023
0.808507 0.005416
0.778973 0.002920
0.782425 0.006223
0.850515 0.006433
0.871302 0.004885
0.824793 0.005890
0.473107 0.002931
0.239373 0.004873
0.772230 0.002943
0.925346 0.005624
0.872028 0.003953
0.832779 0.002277
0.508782 0.002930
0.836694 0.006557
0.715575 0.002988
0.777694 0.004029
0.846090 0.003953
0.712718 0.003917
0.759026 0.006968
0.864798 0.006481
0.759181 0.003382
0.863594 0.004048
0.730843 0.002877
0.611825 0.003012
0.886866 0.005911
0.659948 0.005918
0.771006 0.006447
0.803101 0.006243
0.758674 0.004498
0.646848 0.002256
0.632899 0.003380
0.734176 0.003802
0.771026 0.004932
0.867869 0.006518
0.881030 0.004086
0.959558 0.003805
0.879265 0.006915
0.802169 0.005550
0.885484 0.004984
0.717585 0.004382
0.784535 0.005191
0.772656 0.005356
0.813894 0.003994
0.801261 0.004940
0.829938 0.003859
0.570301 0.007405
0.757213 0.005146
0.849872 0.004294
0.726706 0.003026
0.208564 0.004922
0.792620 0.006659
0.796642 0.007946
0.758559 0.003476
0.761211 0.004083
0.867979 0.002993
0.863119 0.003955
0.676963 0.004254
0.704226 0.005447
0.869953 0.006333
0.823612 0.004469
0.847545 0.004396
0.878664 0.005635
0.908792 0.007527
0.849268 0.005464
0.670801 0.002933
0.879403 0.005596
0.778076 0.008326
0.840014 0.007526
0.952086 0.004721
0.844551 0.005514
0.799168 0.005090
0.754958 0.003089
0.792934 0.002884
0.827170 0.007286
0.886648 0.003372
0.754804 0.003284
0.810350 0.007468
0.593407 0.003973
0.829871 0.006465
0.814666 0.007358
0.697101 0.003250
0.847979 0.007666
0.756399 0.004949
0.766115 0.006463
0.814091 0.006402
0.708416 0.012698
0.862766 0.006261
0.707800 0.006560
0.959967 0.006909
0.581076 0.003822
0.872118 0.007742
0.957629 0.006131
0.873868 0.027026
0.807414 0.005697
0.888926 0.006808
0.854258 0.005485
0.811655 0.005049
0.847641 0.006717
0.570196 0.006610
0.542914 0.004562
0.943149 0.005019
0.311329 0.004620
0.673709 0.004906
0.387631 0.004007
0.793828 0.004343
0.751115 0.006124
0.869297 0.009639
0.883498 0.005001
0.607663 0.004074
0.861824 0.004334
0.787869 0.007950
0.812987 0.004318
0.886320 0.004176
0.823048 0.006789
0.757019 0.008361
0.800140 0.005570
0.820043 0.005238
0.803042 0.006355
0.626855 0.007512
0.816458 0.006135
0.727735 0.003923
0.842078 0.003413
0.964295 0.004961
0.930430 0.020842
0.910287 0.009376
0.850477 0.004220
0.916099 0.004945
0.544439 0.005420
0.807801 0.005760
0.572588 0.007592
0.891002 0.006220
0.851515 0.004397
0.835286 0.003479
0.660425 0.002939
0.803922 0.003906
0.620012 0.004298
0.839654 0.007310
0.716801 0.007197
0.853768 0.005690
0.840844 0.003856
0.754318 0.004470
0.855815 0.003540
0.880553 0.004299
0.765689 0.004847
0.968900 0.004745
0.802814 0.004266
0.641284 0.006660
0.712891 0.006733
0.575451 0.003705
0.738193 0.005167
0.891088 0.004440
0.706466 0.007288
0.877845 0.005161
0.794448 0.005953
0.838109 0.005733
0.814773 0.004568
0.785611 0.004419
0.898022 0.005222
0.555987 0.006143
0.795297 0.007112
0.706358 0.008676
0.879965 0.007080
0.698366 0.005572
0.679193 0.007082
0.869771 0.014199
0.872107 0.004491
0.757737 0.005120
0.570584 0.004045
0.906666 0.004567
0.856631 0.006547
0.916726 0.006135
0.689957 0.003924
0.539396 0.005048
0.869969 0.008195
0.842164 0.006042
0.854881 0.002910
0.944486 0.005345
0.906575 0.005621
0.776729 0.005522
0.809521 0.004375
0.886869 0.005767
0.828073 0.003829
0.717717 0.005066
0.696107 0.006595
0.875334 0.006142
0.758023 0.009503
0.698506 0.005578
0.898962 0.004906
0.830318 0.006212
0.897929 0.004134
0.914313 0.005193
0.866369 0.004140
0.880243 0.006822
0.969518 0.006759
0.742555 0.006379
0.856828 0.007813
0.892151 0.003365
0.958328 0.006717
0.734345 0.003536
0.812450 0.003943
0.605167 0.007325
0.896061 0.002916
0.760376 0.007520
0.722127 0.005179
0.827885 0.005408
0.926517 0.005247
0.857714 0.005247
0.838348 0.004723
0.882429 0.004026
0.753168 0.005761
0.887529 0.004161
0.883769 0.003332
0.737093 0.005712
0.734589 0.004905
0.947465 0.005114
0.842221 0.004998
0.812964 0.004002
0.901994 0.003519
0.840573 0.005195
0.680189 0.003966
0.694029 0.008627
0.569748 0.003751
0.400157 0.005291
0.752638 0.004082
0.902035 0.004029
0.824032 0.005467
0.760616 0.006170
0.835564 0.006606
0.755219 0.003464
0.491475 0.007603
0.894386 0.005260
0.838195 0.006622
1.003114 0.003856
0.834272 0.007864
0.617835 0.005946
0.694792 0.003526
0.723781 0.006616
0.672296 0.003513
0.555057 0.005270
0.608997 0.002938
0.843626 0.006851
0.859160 0.004278
0.873428 0.006124
0.848764 0.005275
0.804069 0.004569
0.847565 0.005634
0.845099 0.004834
0.803889 0.006654
0.802361 0.005634
0.851488 0.009367
0.901696 0.007701
0.813867 0.007243
0.825639 0.007533
0.925521 0.006025
0.684591 0.004755
0.780900 0.004731
0.849795 0.005385
0.912779 0.005131
0.851095 0.005111
0.774803 0.005068
0.803973 0.007734
0.997281 0.007213
0.923518 0.003645
0.896819 0.003967
0.727208 0.004064
0.783806 0.003987
0.885397 0.005150
0.846118 0.005258
0.839025 0.007070
0.853556 0.008108
0.944166 0.006557
0.831723 0.005422
0.832897 0.005305
0.706713 0.006027
0.882770 0.004395
0.866527 0.006406
0.748424 0.003986
0.834050 0.003490
0.871813 0.009425
0.888650 0.004893
0.934482 0.014476
0.819822 0.004251
0.882028 0.006318
0.788294 0.004926
0.629449 0.004966
0.790597 0.005976
0.839212 0.007704
0.816151 0.004271
0.904701 0.005558
0.679885 0.003850
0.386738 0.005622
0.783126 0.006907
0.921880 0.004965
0.838573 0.003926
0.767308 0.004818
0.850669 0.005803
0.782152 0.002985
0.827066 0.006154
0.723703 0.006244
0.837984 0.005093
0.777931 0.004049
0.819848 0.007097
0.744069 0.005790
0.584731 0.004540
0.745356 0.008886
0.771342 0.005361
0.655108 0.004056
0.834901 0.005593
0.006660 0.005009
0.848659 0.007367
0.826084 0.005563
0.886907 0.004370
0.820684 0.004914
0.824260 0.004005
0.887276 0.007002
0.726688 0.005131
0.834272 0.004724
0.514002 0.004478
0.808313 0.005727
0.823478 0.008164
0.839933 0.005746
0.921753 0.005789
0.730293 0.005574
0.851857 0.001458
0.866781 0.010104
0.886021 0.006396
0.827800 0.005085
0.794797 0.005408
0.793176 0.005778
0.848105 0.004061
0.815952 0.006482
0.542624 0.005044
0.904112 0.007342
0.863792 0.005124
0.892629 0.006137
0.974405 0.004732
0.904991 0.004478
0.919418 0.009107
0.750582 0.006413
0.824411 0.006189
0.723674 0.005524
0.978333 0.003946
0.739978 0.003374
0.710219 0.002835
0.668392 0.007113
0.813953 0.004430
0.502287 0.005104
0.813390 0.005259
0.815493 0.002925
0.769742 0.005082
0.724012 0.003547
0.894293 0.004318
0.884894 0.004423
0.877675 0.003945
0.940412 0.006075
0.829713 0.007402
0.930390 0.005047
0.926863 0.006042
0.779923 0.004360
0.804098 0.005725
0.925953 0.003772
0.786088 0.005296
0.760042 0.005670
0.758235 0.005117
0.681782 0.004663
0.930473 0.005960
0.112644 0.006396
0.923111 0.004389
0.778971 0.005246
0.625418 0.007654
0.717652 0.005535
0.618128 0.008647
0.903935 0.005022
0.762511 0.004411
0.875088 0.007746
0.873497 0.004784
0.838801 0.005277
0.616709 0.006528
0.843707 0.005417
0.811262 0.007899
0.936936 0.008260
0.789936 0.007291
0.875025 0.005016
0.871718 0.003936
0.704292 0.005648
0.788315 0.005481
0.822217 0.005557
0.676982 0.005888
0.657978 0.005431
0.525300 0.003829
0.770520 0.006192
0.718592 0.006698
0.706619 0.003726
0.797537 0.005290
0.770983 0.003459
0.909575 0.006721
0.729852 0.003590
0.797945 0.006076
0.820178 0.005504
0.748415 0.007124
0.737799 0.007531
0.783619 0.007920
0.884798 0.004431
0.753834 0.005982
0.866196 0.005468
0.700468 0.004981
0.713467 0.005088
0.647289 0.006670
0.759823 0.005708
0.676733 0.004682
0.721145 0.003433
0.806247 0.004622
0.674325 0.004391
0.691729 0.004463
0.719915 0.006386
0.698451 0.005613
0.879414 0.004908
0.655678 0.004377
0.814329 0.005996
0.860892 0.005396
0.733093 0.006204
0.826702 0.005368
0.788625 0.004690
0.512136 0.004711
0.764531 0.005621
0.734983 0.004945
0.718467 0.005585
0.715221 0.005387
0.364133 0.005847
0.944278 0.004540
0.741285 0.003592
0.742823 0.005255
0.912706 0.005555
0.809601 0.004919
0.720725 0.006430
0.881843 0.008179
0.737923 0.005083
0.878988 0.005090
0.729720 0.004065
0.844237 0.004306
0.784502 0.006187
0.710680 0.004249
0.866808 0.004535
0.882650 0.003917
0.854279 0.007153
0.520207 0.006734
0.796577 0.004606
0.631422 0.005292
0.801516 0.005469
0.704405 0.006141
0.634663 0.003503
0.703266 0.003226
0.861312 0.005096
0.882252 0.005641
0.743627 0.008581
0.865512 0.005960
0.827572 0.005807
0.745500 0.006368
0.748427 0.005129
0.732027 0.003913
0.532591 0.005614
0.686619 0.003389
0.783752 0.003422
0.810564 0.003612
0.912617 0.003526
0.658834 0.004026
0.849148 0.004005
0.931543 0.005839
0.778562 0.008296
0.719154 0.003834
0.871955 0.006605
0.844499 0.005872
0.805047 0.006221
0.902564 0.002999
0.426334 0.003893
0.799781 0.002316
0.651245 0.006336
0.703229 0.006382
0.754793 0.004837
0.778424 0.004640
0.746129 0.003956
0.806568 0.003555
0.905503 0.002834
0.549103 0.004354
0.917917 0.004384
0.739469 0.004069
0.801055 0.004052
0.875881 0.003971
0.851915 0.005731
0.935948 0.004134
0.821354 0.006286
0.751472 0.004531
0.845699 0.003054
0.732786 0.005597
0.927428 0.005081
0.704934 0.004502
0.876092 0.005732
0.760715 0.003831
0.672351 0.007694
0.836331 0.006347
0.718018 0.005216
0.895333 0.005297
0.655654 0.006942
0.789017 0.004452
0.359367 0.006373
0.741529 0.004961
0.760830 0.008255
0.705540 0.004987
0.881411 0.006392
0.737603 0.004424
0.729533 0.004539
0.684007 0.006015
0.873608 0.002880
0.801822 0.003133
0.775893 0.006729
0.680844 0.004137
0.834858 0.003623
0.698914 0.009027
0.761089 0.007120
0.798627 0.004305
0.863383 0.004967
0.763079 0.007585
0.881454 0.003723
0.561450 0.006159
0.763735 0.003538
0.714892 0.005162
0.819450 0.003894
0.767734 0.005553
0.571250 0.005111
0.757606 0.004040
0.806323 0.005723
0.811734 0.008485
0.813956 0.006669
0.743728 0.003139
0.747796 0.006634
0.766833 0.008099
0.867538 0.005224
0.635795 0.016927
0.792962 0.006354
0.728219 0.004083
0.655618 0.008815
0.766318 0.006587
0.681221 0.003630
0.902031 0.004513
0.709632 0.006464
0.824504 0.006500
0.831467 0.002987
0.796954 0.005758
0.562554 0.004726
0.598343 0.004064
0.932686 0.004135
0.754691 0.003085
0.331017 0.003640
0.818065 0.005080
0.791365 0.009509
0.792150 0.005500
0.707691 0.004024
0.718850 0.004493
0.536963 0.004933
0.681457 0.005521
0.801074 0.004155
0.738467 0.007805
0.716589 0.003028
0.845949 0.003920
0.725280 0.006045
0.740070 0.006186
0.488532 0.007465
0.758639 0.006658
0.776347 0.004010
0.725356 0.004999
0.696932 0.008751
0.780799 0.007854
0.746156 0.017781
0.717417 0.005999
0.621013 0.004985
0.710899 0.005591
0.821021 0.003006
0.680739 0.004343
0.809787 0.004358
0.840726 0.002969
0.770288 0.004137
0.466126 0.006074
0.742316 0.005017
0.669801 0.006011
0.600414 0.005262
0.696214 0.006195
0.409577 0.005209
0.810806 0.005591
0.873831 0.005324
0.610100 0.004278
0.846224 0.002184
0.608239 0.005286
0.579349 0.005263
0.709001 0.003506
0.717220 0.007137
0.839095 0.003074
0.789177 0.003873
0.895800 0.003420
0.813261 0.005141
0.770157 0.004329
0.765538 0.006687
0.735942 0.006554
0.819583 0.004539
0.788203 0.007808
0.586809 0.006377
0.709081 0.004179
0.376293 0.005764
0.547266 0.004966
0.763890 0.002229
0.759853 0.005240
0.762253 0.006248
0.785423 0.005376
0.852983 0.003829
0.725215 0.006127
0.841271 0.003956
0.706201 0.005060
0.709688 0.003003
0.819868 0.004832
0.805377 0.005925
0.782368 0.007467
0.742221 0.004089
0.560958 0.004045
0.846876 0.005320
0.575786 0.007168
0.797732 0.006817
0.810457 0.004484
0.777251 0.004610
0.748534 0.004878
0.744316 0.006623
0.835839 0.008472
0.787023 0.004943
0.804794 0.005318
0.743326 0.004582
0.627891 0.008065
0.801133 0.003858
0.617423 0.006125
0.863903 0.005847
0.796484 0.004984
0.630161 0.005754
0.939144 0.005068
0.786736 0.005322
0.755745 0.003088
0.828405 0.004390
0.846007 0.003963
0.740290 0.002999
0.897220 0.005877
0.764253 0.004479
0.904961 0.005961
0.698224 0.003993
0.019578 0.005631
0.769674 0.004418
0.811557 0.002973
0.866955 0.005273
0.817048 0.003458
0.788198 0.005898
0.634807 0.005291
0.901861 0.004710
0.839914 0.003805
0.355194 0.007395
0.885971 0.005654
0.853167 0.006970
0.812599 0.003849
0.797114 0.006881
0.866400 0.006173
0.862829 0.003166
0.739346 0.004056
0.854453 0.006473
0.812827 0.003865
0.820363 0.003470
0.837980 0.007104
0.845065 0.005841
0.769950 0.004926
0.768392 0.004721
0.759403 0.003468
0.894453 0.004775
0.858436 0.003174
0.458248 0.004314
0.828622 0.005661
0.768800 0.002999
0.961317 0.006134
0.815923 0.004262
0.824279 0.005009
0.814326 0.004825
0.748898 0.005385
0.947644 0.005000
0.845393 0.003018
0.885248 0.008578
0.792556 0.004327
0.792213 0.003908
0.831826 0.005083
0.797126 0.004849
0.000000 0.002375
0.916842 0.004778
0.847103 0.003869
0.794947 0.002924
0.780506 0.005001
0.806967 0.003614
0.927103 0.003096
0.813889 0.002992
0.824591 0.004262
0.810812 0.004337
0.899941 0.005096
0.739252 0.004271
0.811518 0.004535
0.749558 0.003172
0.880286 0.006600
0.832837 0.005237
0.880601 0.005862
0.788076 0.003376
0.829174 0.003421
0.806058 0.002979
0.879756 0.003588
0.519785 0.003563
0.870504 0.007420
0.818685 0.005000
0.771571 0.004346
0.801083 0.006244
0.608622 0.004353
0.875233 0.005192
0.838312 0.004276
0.730776 0.002402
0.811197 0.003495
0.791259 0.004961
0.759650 0.002997
0.716102 0.006814
0.867711 0.003946
0.860129 0.005014
0.893218 0.004445
0.823374 0.004071
0.914833 0.003500
0.814687 0.003946
0.807007 0.004540
0.766645 0.003057
0.815042 0.003388
0.771579 0.004076
0.835347 0.003433
0.897787 0.006173
0.773084 0.003027
0.844216 0.003512
0.316513 0.003447
0.870060 0.003465
0.881176 0.003084
0.803045 0.003725
0.790187 0.004206
0.780145 0.003803
0.203962 0.006058
0.811746 0.003142
0.771107 0.003392
0.745342 0.002517
0.755868 0.006348
0.160702 0.004282
0.742175 0.003997
0.881834 0.006582
0.952960 0.003913
0.866161 0.002979
0.847906 0.004255
0.859915 0.005221
0.833103 0.005457
0.873895 0.005400
0.851950 0.005643
0.822371 0.003806
0.837772 0.004378
0.872067 0.002927
0.744781 0.005854
0.750112 0.005010
0.841104 0.006732
0.910401 0.003914
0.752489 0.001481
0.782539 0.003722
0.852752 0.003531
0.741786 0.003690
0.905011 0.007094
0.643881 0.002915
0.836270 0.004037
0.978644 0.002890
0.868276 0.006165
0.866056 0.003699
0.779501 0.004472
0.729845 0.004035
0.781119 0.004463
0.905307 0.002965
0.805692 0.005035
0.776191 0.007039
0.921323 0.005570
0.935698 0.005799
0.814077 0.003965
0.698685 0.004215
0.745930 0.003931
0.737157 0.003720
0.837194 0.004499
0.739313 0.002321
0.814770 0.003553
0.858573 0.004146
0.812832 0.006377
0.829688 0.004274
0.818843 0.003947
0.775557 0.003160
0.842038 0.006163
0.826747 0.003817
0.823456 0.007903
0.824190 0.004370
0.717253 0.004028
0.841946 0.003539
0.776828 0.004890
0.886770 0.002929
0.750376 0.004070
0.869539 0.005173
0.798883 0.003622
0.872339 0.002947
0.763053 0.004282
0.822591 0.003620
0.807044 0.005096
0.835001 0.002986
0.806700 0.003032
0.873936 0.003890
0.927753 0.004868
0.434563 0.003873
0.801310 0.006735
0.721957 0.003468
0.737166 0.003774
0.819138 0.003133
0.804308 0.005001
0.899604 0.003701
0.795246 0.006668
0.851754 0.006232
0.936596 0.002341
0.694310 0.007660
0.873170 0.004349
0.847091 0.005341
0.642468 0.005998
0.887304 0.004490
0.749371 0.006266
0.829389 0.003960
0.849210 0.004843
0.848002 0.004096
0.763369 0.004427
0.720259 0.003232
0.821744 0.004454
0.926815 0.003690
0.730191 0.003069
0.731862 0.003654
0.774254 0.002285
0.767375 0.007585
0.802250 0.004160
0.720360 0.003822
0.755772 0.004455
0.770614 0.004999
0.707145 0.004618
0.759052 0.003429
0.736332 0.003949
0.748053 0.003412
0.776459 0.002328
0.878465 0.007423
0.857711 0.003045
0.899979 0.004560
0.914443 0.003381
0.849377 0.004879
0.839390 0.005133
0.819091 0.003044
0.752623 0.006313
0.797392 0.002980
0.766372 0.005957
0.752172 0.006673
0.385852 0.004497
0.864691 0.003009
0.812311 0.004048
0.796413 0.003525
0.732204 0.004259
0.917979 0.003757
0.722613 0.004520
0.861895 0.003653
0.718897 0.003921
0.911507 0.004367
0.861250 0.002992
0.856957 0.005252
0.777360 0.005652
0.766227 0.004482
0.855207 0.003858
0.877750 0.004026
0.869936 0.005099
0.838395 0.004441
0.947271 0.003676
0.834946 0.007306
0.734013 0.004852
0.931384 0.003213
0.856334 0.004484
0.143725 0.005081
0.774222 0.005519
0.872293 0.002476
0.797283 0.004219
0.849596 0.005018
0.850088 0.007333
0.820000 0.005745
0.751064 0.006422
0.869651 0.007168
0.796808 0.003416
0.751025 0.004385
0.730256 0.002507
0.771658 0.004542
0.844052 0.007488
0.820332 0.003933
0.809284 0.002994
0.756327 0.004954
0.827132 0.004666
0.814787 0.003092
0.815411 0.004174
0.815934 0.006180
0.785728 0.005965
0.789520 0.004977
0.827419 0.007212
0.866923 0.006656
0.807476 0.003651
0.807480 0.004345
0.807942 0.006814
0.868318 0.005774
0.806196 0.002955
0.712790 0.005852
0.846557 0.004108
0.804488 0.005949
0.848612 0.005435
0.773310 0.005292
0.766014 0.003945
0.844810 0.002910
0.976954 0.005667
0.899211 0.005819
0.816513 0.004923
0.942786 0.006301
0.887608 0.003556
0.801411 0.003017
0.849807 0.004319
0.905065 0.004427
0.855960 0.004629
0.784079 0.004058
0.797392 0.005079
0.836673 0.004422
0.690253 0.004118
0.047614 0.005027
0.889757 0.002373
0.883433 0.004992
0.356662 0.004041
0.901233 0.003554
0.836032 0.004684
0.780099 0.004068
0.796063 0.002501
0.856380 0.005820
0.720550 0.004317
0.949402 0.003786
0.680020 0.004038
0.856650 0.003190
0.774504 0.002374
0.846832 0.004187
0.901327 0.004397
0.864706 0.004504
0.863444 0.003421
0.821508 0.003648
0.853170 0.003087
0.812659 0.005082
0.903439 0.005073
0.852575 0.005145
0.847784 0.004651
0.857529 0.003402
0.843513 0.003819
0.885734 0.003526
0.849753 0.005381
0.793729 0.004172
0.685675 0.002364
0.836473 0.008216
0.895857 0.005167
0.865319 0.003580
0.122549 0.003942
0.787049 0.004123
0.777021 0.003838
0.845392 0.003533
0.720251 0.006624
0.794995 0.004095
0.821744 0.004461
0.815747 0.003516
0.870268 0.003532
0.783858 0.003431
0.716007 0.005153
0.841494 0.005748
0.939839 0.006235
0.835191 0.007527
0.757734 0.002481
0.888568 0.002380
0.781631 0.005409
0.710327 0.004957
0.749277 0.004353
0.899509 0.003870
0.786765 0.003055
0.811910 0.006238
0.199462 0.004489
0.779921 0.004124
0.946608 0.006148
0.768125 0.004294
0.845076 0.003552
0.848769 0.005113
0.905209 0.004560
0.785718 0.006683
0.743128 0.005036
0.887211 0.003059
0.865945 0.006303
0.705547 0.005608
0.861700 0.003089
0.778988 0.005026
0.899446 0.007164
0.868479 0.003359
0.799049 0.004455
0.838223 0.004215
0.742293 0.005851
0.908055 0.003205
0.575854 0.003131
0.805579 0.004038
0.857749 0.003459
0.781907 0.002331
0.867162 0.003026
0.839477 0.003186
0.820239 0.005408
0.791447 0.004364
0.828805 0.003639
0.923998 0.002910
0.807938 0.004032
0.874918 0.004978
0.846926 0.003810
0.108476 0.004278
0.757379 0.003522
0.762790 0.004732
0.855822 0.007222
0.824170 0.003491
0.947769 0.005187
0.815760 0.003540
0.815025 0.003080
0.805615 0.003065
0.810627 0.003285
0.765212 0.006023
0.733635 0.004297
0.903215 0.003039
0.929123 0.006505
0.804710 0.007159
0.885295 0.003625
0.746670 0.005437
0.931078 0.004373
0.796984 0.003963
0.929553 0.005039
0.958534 0.003995
0.790116 0.004232
0.887916 0.004020
0.818581 0.002984
0.863926 0.004326
0.800651 0.003940
0.832369 0.004023
0.805501 0.003969
0.957861 0.004165
0.885783 0.004393
0.789460 0.005152
0.245728 0.003968
0.818994 0.003924
0.893888 0.004666
0.707377 0.003537
0.808660 0.005635
0.924052 0.003224
0.825057 0.004982
0.755781 0.003481
0.742079 0.004426
0.360009 0.006459
0.798322 0.003048
0.849441 0.004348
0.784873 0.006123
0.781389 0.003969
0.722638 0.003947
0.938127 0.005335
0.652658 0.002947
0.809359 0.004055
0.869621 0.005001
0.677850 0.004004
0.795231 0.005107
0.967895 0.003898
0.834057 0.004885
0.893892 0.005713
0.771523 0.004499
0.730555 0.004875
0.691669 0.003530
0.803629 0.004338
0.778121 0.001534
0.769939 0.007499
0.801877 0.003087
0.869321 0.003106
0.674148 0.003862
0.770917 0.004168
0.823905 0.004923
0.517853 0.003405
0.774561 0.004842
0.524438 0.003387
0.609487 0.007130
0.763930 0.002517
0.728727 0.003948
0.553787 0.003860
0.935332 0.003897
0.663939 0.005286
0.708342 0.004045
0.682140 0.004404
0.742071 0.003067
0.785645 0.005770
0.686211 0.002197
0.668749 0.005809
0.685042 0.004659
0.848071 0.003596
0.637330 0.003073
0.771465 0.004186
0.802168 0.005808
0.739727 0.002199
0.649705 0.002961
0.524735 0.004380
0.599555 0.002296
0.753887 0.004586
0.718161 0.006105
0.670804 0.003960
0.777950 0.003756
0.724801 0.003920
0.681743 0.006129
0.779971 0.004178
0.715141 0.006940
0.657465 0.001549
0.741919 0.003994
0.682113 0.005035
0.605494 0.002923
0.688171 0.003822
0.662011 0.004493
0.593090 0.003024
0.602265 0.005951
0.714468 0.004398
0.839845 0.005270
0.773501 0.002900
0.767595 0.003003
0.833220 0.004952
0.570513 0.002270
0.650875 0.003446
0.816680 0.003591
0.612122 0.004090
0.681221 0.004406
0.502979 0.003075
0.652738 0.003839
0.717777 0.003894
0.730276 0.004483
0.729606 0.002421
0.649061 0.002982
0.804267 0.003400
0.697634 0.005255
0.737020 0.006635
0.635042 0.004088
0.739461 0.002915
0.785829 0.002929
0.673981 0.003534
0.723214 0.003554
0.914037 0.005234
0.695820 0.005195
0.693248 0.003162
0.807641 0.004448
0.560952 0.006580
0.685004 0.004189
0.806693 0.003784
0.612565 0.002927
0.818948 0.004994
0.686691 0.005988
0.587193 0.004298
0.773489 0.003019
0.779440 0.005124
0.925691 0.005566
0.713566 0.004372
0.724133 0.006641
0.791163 0.002961
0.534731 0.002264
0.879330 0.004231
0.722075 0.002337
0.761052 0.004102
0.681227 0.002233
0.560012 0.003597
0.813392 0.004023
0.676763 0.001572
0.681186 0.003380
0.693754 0.002209
0.680470 0.003549
0.633144 0.001499
0.747046 0.003866
0.813201 0.007740
0.697315 0.003499
0.750544 0.002960
0.552542 0.003853
0.831589 0.005025
0.749734 0.005350
0.846940 0.003942
0.831343 0.004938
0.731840 0.005591
0.756738 0.005299
0.875144 0.005598
0.863509 0.003457
0.580288 0.001541
0.556216 0.002932
0.617420 0.002368
0.841893 0.004395
0.714237 0.005074
0.786183 0.002897
0.589313 0.003210
0.861304 0.005664
0.608416 0.002889
0.873088 0.003516
0.715640 0.004261
0.670794 0.004048
0.688450 0.003790
0.704069 0.005373
0.733921 0.003447
0.650390 0.003859
0.954392 0.004918
0.724994 0.002982
0.930175 0.005053
0.787237 0.003859
0.797477 0.003640
0.782220 0.006485
0.724338 0.003901
0.711888 0.004132
0.834132 0.004356
0.676903 0.005373
0.890141 0.003828
0.543778 0.001637
0.626215 0.002341
0.802017 0.005025
0.709630 0.004551
0.833812 0.004507
0.874723 0.006051
0.662664 0.007677
0.688728 0.008566
0.742852 0.007418
0.919871 0.005014
0.568024 0.004159
0.549421 0.004367
0.504942 0.003221
0.651796 0.003838
0.738335 0.004882
0.677598 0.004982
0.780596 0.003491
0.721715 0.005302
0.000000 0.004076
0.751207 0.003220
0.590616 0.004012
0.810869 0.003231
0.685402 0.004995
0.387813 0.003360
0.786611 0.003891
0.687961 0.007487
0.787740 0.006361
0.754556 0.005692
0.736446 0.005389
0.745211 0.003072
0.854782 0.004605
0.839771 0.004724
0.682246 0.003288
0.747971 0.004694
0.543333 0.002983
0.605134 0.002211
0.802802 0.003635
0.887245 0.005440
0.747159 0.003502
0.796362 0.005632
0.367920 0.004388
0.804336 0.004417
0.655817 0.007426
0.722821 0.003581
0.788506 0.003774
0.685760 0.003902
0.802552 0.003975
0.785269 0.003097
0.694073 0.003591
0.739961 0.003052
0.698301 0.003000
0.749480 0.004413
0.654861 0.002869
0.517576 0.002187
0.657918 0.004168
0.544775 0.005561
0.828913 0.004125
0.674676 0.005501
0.751874 0.002369
0.775775 0.003844
0.759484 0.004203
0.735222 0.004422
0.718341 0.004047
0.782160 0.006243
0.821560 0.007375
0.710352 0.003997
0.691359 0.002379
0.723063 0.003565
0.582026 0.002272
0.723842 0.003998
0.658616 0.003796
0.550254 0.004086
0.504758 0.006423
0.682422 0.005056
0.639046 0.008359
0.756890 0.002828
0.625049 0.002377
0.908030 0.007208
0.329497 0.003886
0.783341 0.003450
0.000000 0.005071
0.589261 0.004536
0.526407 0.001538
0.682867 0.002297
0.823735 0.006140
0.814277 0.007399
0.742004 0.003551
0.867557 0.006166
0.872083 0.003684
0.615807 0.002280
0.691748 0.004803
0.887141 0.004225
0.759061 0.004323
0.813812 0.005260
0.570966 0.002243
0.384042 0.003203
0.714729 0.005069
0.852212 0.003655
0.694804 0.003647
0.714367 0.005016
0.831781 0.004552
0.877515 0.004476
0.837659 0.006052
0.662223 0.003238
0.591843 0.001515
0.717610 0.002347
0.848564 0.003451
0.813774 0.003456
0.506602 0.003605
0.705898 0.004759
0.498835 0.002251
0.550903 0.002898
0.766133 0.003611
0.721408 0.003050
0.739042 0.002322
0.849290 0.004289
0.841370 0.003839
0.806333 0.003538
0.739576 0.003925
0.720197 0.004280
0.629319 0.003332
0.579265 0.004833
0.606008 0.003257
0.616665 0.003170
0.675310 0.004732
0.783397 0.003919
0.625845 0.004060
0.696257 0.004011
0.728007 0.003533
0.842566 0.004452
0.717089 0.005970
0.684887 0.003487
0.745007 0.011229
0.637923 0.003622
0.648395 0.003678
0.754880 0.004034
0.459136 0.003773
0.784820 0.003461
0.852334 0.004734
0.744724 0.010260
0.664868 0.002916
0.695140 0.004730
0.845800 0.003401
0.874117 0.004008
0.834957 0.003867
0.665348 0.003833
0.816505 0.003805
0.721468 0.006092
0.778368 0.004793
0.704452 0.004544
0.732637 0.005542
0.880136 0.004990
0.637322 0.003581
0.681681 0.002262
0.587987 0.003352
0.838892 0.004382
0.718875 0.006211
0.825050 0.003980
0.768652 0.003520
0.721150 0.004833
0.709407 0.002929
0.782289 0.003342
0.682581 0.003336
0.912702 0.004968
0.870238 0.002846
0.789443 0.005237
0.838980 0.004857
0.704035 0.003898
0.671833 0.004141
0.617481 0.003268
0.554126 0.003958
0.728444 0.003845
0.733072 0.002308
0.718264 0.002886
0.565493 0.004845
0.793083 0.002919
0.441813 0.003927
