0.674644 0.008938
0.743322 0.002087
0.741854 0.006085
0.720034 0.005100
0.868137 0.002066
0.856284 0.002664
0.707504 0.005917
0.648595 0.002084
0.701094 0.005008
0.706569 0.002826
0.770206 0.002032
0.690755 0.005453
0.687691 0.002582
0.877653 0.005363
0.666003 0.004924
0.733215 0.004825
0.638472 0.004159
0.771030 0.005407
0.643015 0.003150
0.656558 0.003153
0.895758 0.002775
0.852302 0.003509
0.827853 0.002124
0.857655 0.005794
0.762801 0.003141
0.787169 0.003188
0.676992 0.003474
0.854413 0.002282
0.750472 0.002570
0.779770 0.004159
0.780320 0.002127
0.823591 0.005462
0.522053 0.003415
0.742978 0.001616
0.791162 0.003469
0.871987 0.003180
0.784785 0.001371
0.766682 0.004917
0.595424 0.003370
0.834198 0.001579
0.802511 0.003448
0.786353 0.002344
0.884910 0.004153
0.683491 0.001659
0.617326 0.002647
0.617184 0.003317
0.815356 0.003080
0.717040 0.002404
0.783920 0.003417
0.740091 0.002561
0.776889 0.003472
0.684404 0.003156
0.753436 0.002120
0.735235 0.003141
0.699604 0.004207
0.685739 0.003461
0.836502 0.002056
0.850873 0.003429
0.771198 0.003492
0.833218 0.002810
0.647202 0.004204
0.873247 0.001951
0.891948 0.002044
0.458045 0.004933
0.791485 0.003531
0.833881 0.005442
0.757779 0.004236
0.651315 0.002799
0.817702 0.001677
0.677633 0.002203
0.858408 0.002101
0.675709 0.004175
0.712758 0.001325
0.578949 0.002612
0.585260 0.003317
0.743059 0.003407
0.639246 0.005349
0.700101 0.004835
0.708989 0.003122
0.830691 0.003213
0.605406 0.003374
0.742180 0.005240
0.507699 0.004385
0.742059 0.004811
0.676483 0.006133
0.616632 0.002801
0.752643 0.002603
0.835227 0.003139
0.691768 0.002479
0.642996 0.004040
0.719428 0.002115
0.482991 0.004157
0.841344 0.004266
0.760510 0.005007
0.755014 0.005230
0.818869 0.002773
0.609377 0.002817
0.788597 0.003457
0.828523 0.002140
0.479495 0.004022
0.728219 0.002797
0.796884 0.002603
0.761245 0.005530
0.698522 0.002073
0.772771 0.002615
0.866414 0.003489
0.620941 0.002657
0.842814 0.002524
0.600843 0.005455
0.614440 0.004831
0.665734 0.003128
0.785037 0.004220
0.672029 0.002150
0.726126 0.003372
0.725034 0.004986
0.727233 0.004194
0.807817 0.003266
0.698699 0.002723
0.849308 0.005424
0.874271 0.003438
0.759719 0.004188
0.778839 0.003499
0.656783 0.004178
0.775019 0.003002
0.664373 0.004181
0.328695 0.003392
0.669307 0.002517
0.701820 0.002117
0.797692 0.004884
0.713950 0.005254
0.707860 0.004814
0.776224 0.002325
0.739699 0.002808
0.675974 0.003516
0.671713 0.002750
0.831570 0.002863
0.745443 0.002043
0.608338 0.004834
0.752453 0.003426
0.700460 0.004922
0.712950 0.002091
0.692783 0.001141
0.782186 0.003117
0.586184 0.003506
0.765923 0.003499
0.685567 0.002780
0.617671 0.001329
0.718137 0.005944
0.519414 0.003057
0.661839 0.005114
0.736416 0.003530
0.666894 0.002793
0.728905 0.004172
0.741455 0.004076
0.574791 0.002022
0.697199 0.003092
0.798672 0.003095
0.716546 0.004200
0.600877 0.002925
0.679997 0.002797
0.653050 0.003425
0.763988 0.003421
0.648303 0.002831
0.884476 0.002082
0.724230 0.001661
0.583572 0.004912
0.732321 0.004105
0.804733 0.004163
0.455692 0.002951
0.682078 0.003180
0.816870 0.002068
0.725404 0.002084
0.790953 0.003481
0.752152 0.003115
0.772843 0.005533
0.761310 0.004883
0.592675 0.002669
0.697999 0.005536
0.771129 0.001568
0.671117 0.003200
0.793547 0.003311
0.732219 0.005495
0.679202 0.003386
0.723464 0.002033
0.614946 0.003427
0.698558 0.002519
0.429296 0.003501
0.791387 0.004871
0.838237 0.001705
0.626160 0.002769
0.934468 0.003350
0.711666 0.002515
0.722257 0.001663
0.753117 0.002755
0.636338 0.004915
0.705977 0.004218
0.568493 0.004036
0.775980 0.004215
0.804110 0.003631
0.776781 0.002553
0.033297 0.001513
0.593677 0.002796
0.598246 0.002726
0.874904 0.003008
0.667009 0.003506
0.759953 0.003514
0.613566 0.005518
0.736779 0.003512
0.741596 0.002615
0.738572 0.001640
0.518841 0.001713
0.852662 0.005508
0.789687 0.005413
0.610245 0.004018
0.768056 0.002567
0.613029 0.003506
0.752678 0.002105
0.797296 0.005853
0.667178 0.004916
0.784207 0.005116
0.837440 0.004165
0.753058 0.004878
0.581849 0.003474
0.810007 0.005168
0.641736 0.002756
0.835166 0.004041
0.754456 0.002084
0.642588 0.002756
0.705817 0.002612
0.806747 0.001994
0.636930 0.003621
0.618428 0.002646
0.652843 0.003497
0.779800 0.002512
0.762705 0.003584
0.713999 0.003436
0.722716 0.003445
0.700025 0.005306
0.797326 0.002107
0.643062 0.002030
0.810714 0.003502
0.874527 0.004188
0.628107 0.003527
0.765006 0.002020
0.795471 0.002616
0.682904 0.001609
0.642634 0.004158
0.839787 0.005432
0.773711 0.003509
0.867540 0.005248
0.768801 0.003459
0.768947 0.004892
0.697961 0.003408
0.669519 0.002779
0.754978 0.004845
0.787639 0.005430
0.692651 0.002571
0.809498 0.002507
0.855568 0.002074
0.648371 0.005002
0.670762 0.002025
0.759750 0.003160
0.668364 0.003586
0.799037 0.003300
0.737180 0.004100
0.876084 0.002555
0.726847 0.002665
0.766636 0.003167
0.764745 0.004865
0.636771 0.002840
0.732335 0.005910
0.655874 0.002072
0.732293 0.003540
0.859311 0.003380
0.708007 0.002771
0.658401 0.004972
0.794607 0.001670
0.938022 0.003544
0.771253 0.004934
0.736336 0.005020
0.889663 0.002765
0.790723 0.005463
0.717642 0.004093
0.830842 0.002807
0.434407 0.003494
0.879871 0.005454
0.766980 0.002770
0.727681 0.003505
0.619997 0.002588
0.738617 0.003359
0.821932 0.003510
0.800311 0.005427
0.689796 0.002005
0.919558 0.002603
0.565007 0.002900
0.749332 0.007131
0.811803 0.002077
0.721254 0.003877
0.761738 0.004827
0.643626 0.003075
0.661199 0.002645
0.756698 0.002767
0.783294 0.002090
0.638200 0.002631
0.762170 0.002803
0.635511 0.005080
0.617022 0.002809
0.760730 0.005352
0.811872 0.004837
0.792648 0.004271
0.822311 0.002662
0.747501 0.002745
0.743654 0.003036
0.554033 0.001973
0.784377 0.003571
0.706465 0.003412
0.699803 0.001717
0.806583 0.003394
0.847309 0.004242
0.733217 0.002740
0.870498 0.004972
0.657229 0.002582
0.749249 0.002754
0.687869 0.004900
0.719188 0.003049
0.628208 0.005164
0.800999 0.002653
0.751363 0.002820
0.731533 0.001744
0.734170 0.002324
0.853647 0.006580
0.766385 0.002581
0.566786 0.004214
0.673330 0.002266
0.641139 0.001119
0.814472 0.004597
0.592636 0.003438
0.757415 0.003438
0.724852 0.004190
0.770299 0.003436
0.654065 0.002739
0.756420 0.003100
0.647095 0.004180
0.755781 0.002079
0.676177 0.003495
0.712977 0.002624
0.741800 0.002605
0.567463 0.001171
0.770717 0.002728
0.734930 0.002108
0.675850 0.002087
0.695725 0.002740
0.632242 0.003194
0.772113 0.004107
0.783002 0.002838
0.670270 0.003796
0.755552 0.003807
0.815220 0.003405
0.745815 0.003462
0.686181 0.004857
0.862732 0.001093
0.486123 0.002163
0.631473 0.006652
0.621405 0.004741
0.786285 0.004295
0.783802 0.004033
0.678270 0.003971
0.851382 0.004874
0.710624 0.003463
0.727657 0.002061
0.757744 0.004905
0.733990 0.005533
0.789709 0.006025
0.858812 0.004983
0.769718 0.003428
0.769535 0.002066
0.655547 0.003431
0.776886 0.002807
0.769225 0.002534
0.744178 0.005426
0.906836 0.003394
0.823693 0.004170
0.814788 0.002084
0.641219 0.002120
0.787017 0.005402
0.669906 0.004342
0.644613 0.001167
0.180494 0.002640
0.770086 0.002620
0.772168 0.002842
0.793717 0.003258
0.797172 0.004119
0.838470 0.005344
0.698219 0.003449
0.743025 0.003405
0.680366 0.004263
0.789531 0.002811
0.722598 0.001644
0.540726 0.004791
0.634202 0.003386
0.611590 0.004664
0.844335 0.003442
0.794147 0.003010
0.750878 0.001306
0.718858 0.002772
0.833882 0.005510
0.808717 0.004129
0.597289 0.002828
0.849201 0.005331
0.771803 0.004833
0.842453 0.004228
0.687423 0.003480
0.707895 0.002070
0.723850 0.002821
0.696244 0.002386
0.620138 0.001666
0.870883 0.003948
0.780077 0.005623
0.585851 0.004192
0.741266 0.004192
0.651202 0.003525
0.789557 0.003163
0.781067 0.002072
0.743535 0.003156
0.798600 0.005362
0.795526 0.004222
0.799536 0.002845
0.831717 0.002130
0.786052 0.002061
0.634114 0.002042
0.781988 0.004159
0.837242 0.003607
0.550960 0.004042
0.868545 0.003989
0.573472 0.005481
0.750171 0.002645
0.836558 0.002870
0.677709 0.003450
0.653147 0.003492
0.771407 0.002621
0.855067 0.003049
0.518138 0.002671
0.758060 0.004311
0.813749 0.002086
0.779118 0.002100
0.620700 0.002851
0.723827 0.004826
0.737190 0.002584
0.824743 0.002802
0.767797 0.003987
0.762485 0.003536
0.917036 0.004928
0.681947 0.002631
0.789535 0.003448
0.742313 0.005030
0.772400 0.002744
0.778037 0.004187
0.677424 0.002095
0.696327 0.004829
0.788497 0.004849
0.775888 0.003797
0.659543 0.003119
0.787713 0.005371
0.611528 0.002984
0.754898 0.002026
0.659709 0.003276
0.814435 0.001341
0.815811 0.002119
0.555043 0.003425
0.643440 0.004973
0.746946 0.004919
0.703064 0.003057
0.770059 0.003413
0.640157 0.003500
0.503984 0.005510
0.697704 0.001358
0.595627 0.003098
0.734688 0.003394
0.893845 0.004858
0.718077 0.003511
0.769265 0.003416
0.545016 0.003541
0.716463 0.003446
0.739627 0.005496
0.704359 0.002024
0.721260 0.003464
0.711077 0.002835
0.908151 0.003940
0.528452 0.002124
0.732926 0.002683
0.644460 0.004096
0.719854 0.002943
0.822487 0.003585
0.665810 0.004924
0.794450 0.001689
0.613806 0.005985
0.793148 0.004900
0.873954 0.003093
0.717778 0.001560
0.820278 0.004165
0.664712 0.002710
0.776376 0.002094
0.771154 0.005353
0.824404 0.002574
0.468856 0.001185
0.859231 0.004537
0.809364 0.003464
0.737489 0.003824
0.775660 0.001318
0.787880 0.003503
0.839148 0.002397
0.418536 0.005802
0.799298 0.002827
0.735740 0.004174
0.797995 0.004198
0.816007 0.004827
0.541683 0.005873
0.584986 0.003583
0.841926 0.005155
0.738025 0.002555
0.673542 0.004151
0.785741 0.002041
0.770745 0.002175
0.705908 0.003402
0.757352 0.003157
0.809465 0.001693
0.715568 0.002108
0.781635 0.002763
0.713291 0.004238
0.658737 0.004266
0.783174 0.004008
0.655520 0.003489
0.646420 0.003261
0.788878 0.005273
0.726105 0.005115
0.578657 0.003418
0.698266 0.002748
0.873114 0.002822
0.698980 0.004216
0.706703 0.004131
0.619177 0.004951
0.717148 0.003482
0.786462 0.003438
0.744887 0.004776
0.590102 0.003507
0.646159 0.004909
0.850378 0.002101
0.775404 0.002003
0.662350 0.003411
0.654957 0.002829
0.740863 0.003452
0.602684 0.003435
0.835909 0.003492
0.809866 0.003428
0.769671 0.002110
0.699417 0.002505
0.591452 0.004006
0.781151 0.002079
0.657498 0.002135
0.764860 0.002973
0.680920 0.002847
0.804424 0.002696
0.748404 0.002774
0.798346 0.003217
0.728345 0.003426
0.693531 0.002801
0.699175 0.004905
0.728876 0.004865
0.759943 0.003467
0.639086 0.002066
0.760991 0.002516
0.783480 0.001650
0.851185 0.004883
0.849933 0.005485
0.767741 0.004293
0.714373 0.003035
0.882772 0.003362
0.484240 0.002177
0.773500 0.003139
0.695125 0.003039
0.755068 0.002036
0.735831 0.005492
0.643824 0.004826
0.735061 0.003397
0.569785 0.004040
0.752392 0.003465
0.422155 0.004166
0.824335 0.004198
0.834169 0.002055
0.717302 0.002070
0.817239 0.003470
0.805136 0.003402
0.655420 0.003582
0.804855 0.003613
0.675287 0.002116
0.856254 0.004266
0.757331 0.002776
0.682665 0.001961
0.794192 0.001696
0.735277 0.002306
0.773692 0.005405
0.805210 0.004247
0.804273 0.001105
0.717800 0.001602
0.688293 0.002594
0.684651 0.003068
0.686649 0.002599
0.732966 0.004780
0.391749 0.005403
0.837548 0.003544
0.709413 0.002150
0.464688 0.002955
0.588938 0.002469
0.701594 0.002075
0.559237 0.002751
0.660138 0.004215
0.838014 0.002763
0.932362 0.003071
0.604097 0.002878
0.660843 0.001992
0.738319 0.004247
0.828023 0.003052
0.819405 0.005205
0.683277 0.002823
0.664776 0.002760
0.658331 0.002002
0.846464 0.001116
0.594449 0.003460
0.697792 0.003051
0.804144 0.005563
0.680217 0.002559
0.858274 0.005416
0.605869 0.004339
0.806957 0.004888
0.908832 0.004264
0.822931 0.002800
0.810722 0.001650
0.655034 0.002584
0.681773 0.001338
0.611729 0.002572
0.890651 0.003945
0.760709 0.006045
0.781925 0.004123
0.705774 0.002601
0.827530 0.003420
0.870254 0.003450
0.700605 0.003209
0.743553 0.003032
0.757295 0.002748
0.748007 0.002771
0.788556 0.005055
0.031715 0.002849
0.759056 0.003468
0.584663 0.004085
0.794052 0.002815
0.526122 0.002129
0.782139 0.005238
0.637422 0.004873
0.673970 0.005526
0.702256 0.006101
0.707427 0.002528
0.656826 0.002810
0.806333 0.004864
0.707355 0.003409
0.802345 0.003473
0.704084 0.002859
0.734304 0.002597
0.780776 0.002827
0.820149 0.002561
0.733446 0.002137
0.605171 0.004118
0.858751 0.003506
0.762885 0.003442
0.725171 0.002135
0.780842 0.003026
0.637792 0.002567
0.699614 0.002717
0.660616 0.002114
0.753740 0.002082
0.660886 0.003487
0.782252 0.003137
0.674550 0.003321
0.619187 0.003068
0.457420 0.006484
0.712777 0.003506
0.669238 0.003309
0.843855 0.004306
0.787522 0.001487
0.784229 0.003481
0.603465 0.004371
0.828793 0.002066
0.718185 0.004157
0.757023 0.002116
0.632299 0.005855
0.671784 0.004168
0.757812 0.002778
0.688384 0.002028
0.892604 0.003308
0.779853 0.002031
0.780033 0.004862
0.826756 0.001642
0.667268 0.005805
0.559845 0.004178
0.754481 0.004176
0.830984 0.004158
0.801550 0.003518
0.630274 0.002572
0.727743 0.002775
0.648047 0.004105
0.849027 0.003437
0.640410 0.004170
0.832401 0.002060
0.853539 0.002885
0.753040 0.004504
0.674220 0.004219
0.848330 0.004198
0.655217 0.004233
0.723906 0.002764
0.775246 0.003446
0.684319 0.003462
0.662937 0.002801
0.650770 0.005101
0.834815 0.003274
0.730542 0.002105
0.818831 0.004166
0.649789 0.003450
0.753536 0.005265
0.690201 0.003428
0.798380 0.002861
0.727866 0.002512
0.665591 0.004161
0.727322 0.002588
0.769610 0.002210
0.702568 0.002678
0.620567 0.002089
0.651720 0.005970
0.865333 0.005317
0.679600 0.002794
0.747824 0.003461
0.602067 0.005377
0.700780 0.004227
0.638028 0.001675
0.834089 0.004879
0.698774 0.004220
0.848015 0.006511
0.666702 0.004792
0.756676 0.002033
0.719177 0.004283
0.651010 0.004159
0.752366 0.002081
0.835213 0.002804
0.858425 0.002080
0.867485 0.002707
0.774453 0.005039
0.644465 0.004156
0.809074 0.003017
0.697222 0.001638
0.622376 0.004204
0.584838 0.002089
0.711611 0.002573
0.641351 0.003652
0.729183 0.004810
0.776050 0.003417
0.694031 0.001397
0.836264 0.004230
0.657226 0.003378
0.626673 0.004864
0.681994 0.003473
0.657559 0.002718
0.832774 0.002692
0.603475 0.001115
0.857813 0.001380
0.923233 0.004168
0.731178 0.002775
0.686409 0.002779
0.563920 0.003408
0.825207 0.002815
0.922895 0.002631
0.783149 0.006024
0.833865 0.002058
0.665412 0.002099
0.835505 0.003110
0.467247 0.003586
0.775600 0.002090
0.699359 0.005445
0.753651 0.002053
0.697450 0.002532
0.630004 0.002842
0.719795 0.001185
0.746520 0.002532
0.704670 0.004791
0.789411 0.004199
0.768577 0.004191
0.807707 0.005466
0.573993 0.002477
0.518085 0.004154
0.796876 0.002541
0.656641 0.003439
0.814992 0.004471
0.690675 0.005314
0.741091 0.002112
0.868816 0.003444
0.688078 0.002055
0.845262 0.003489
0.847145 0.003454
0.674311 0.002301
0.596152 0.004130
0.816189 0.003477
0.677057 0.003399
0.795645 0.004179
0.722804 0.002058
0.635393 0.002088
0.346036 0.002150
0.648468 0.004236
0.764535 0.003109
0.742199 0.002077
0.827343 0.004246
0.742537 0.004147
0.750235 0.001966
0.683954 0.004902
0.692672 0.003498
0.609919 0.002010
0.650693 0.004113
0.687125 0.005224
0.482374 0.003130
0.705103 0.003431
0.701258 0.001144
0.746586 0.002067
0.772858 0.002844
0.783348 0.004285
0.821893 0.004191
0.729953 0.002065
0.718447 0.003458
0.853103 0.003970
0.821292 0.002095
0.758039 0.003506
0.688026 0.005014
0.851756 0.004128
0.812112 0.002647
0.637337 0.003297
0.734427 0.003473
0.877779 0.003131
0.802696 0.002688
0.822921 0.004253
0.817472 0.002302
0.665320 0.002734
0.639651 0.002853
0.790285 0.002546
0.776746 0.002124
0.584003 0.004903
0.747993 0.002450
0.676297 0.003522
0.725509 0.002105
0.696226 0.002761
0.775686 0.001700
0.733968 0.002055
0.727897 0.002296
0.796781 0.005584
0.759916 0.002731
0.697938 0.006062
0.722988 0.001644
0.746270 0.002795
0.818691 0.002552
0.739445 0.004849
0.627220 0.004950
0.804843 0.002792
0.718687 0.004894
0.776849 0.001670
0.822762 0.005445
0.668082 0.002113
0.593181 0.005370
0.803162 0.002059
0.862488 0.003445
0.763548 0.004295
0.712625 0.001336
0.615192 0.002517
0.699664 0.004928
0.816955 0.003340
0.730230 0.003028
0.765753 0.003544
0.549839 0.002102
0.654949 0.005324
0.826500 0.005034
0.743164 0.004869
0.766003 0.002807
0.664753 0.002762
0.517145 0.003500
0.624987 0.004199
0.572859 0.001334
0.597942 0.003585
0.769273 0.004784
0.828526 0.004930
0.844358 0.003415
0.761270 0.002531
0.600626 0.001283
0.778723 0.002808
0.743256 0.003434
0.782458 0.002724
0.696360 0.005849
0.839553 0.005177
0.690695 0.004153
0.668025 0.005448
0.757416 0.002786
0.616991 0.003436
0.792567 0.002164
0.722962 0.003532
0.726213 0.003205
0.814411 0.002640
0.748092 0.003025
0.700664 0.002052
0.855974 0.001114
0.615974 0.003109
0.632329 0.002651
0.712629 0.002115
0.565545 0.001612
0.711692 0.003432
0.752585 0.002698
0.608314 0.001319
0.654303 0.005076
0.656288 0.003485
0.690793 0.003379
0.609836 0.003267
0.680867 0.001280
0.797321 0.005306
0.783408 0.003544
0.845805 0.003175
0.725690 0.003596
0.760813 0.002497
0.800951 0.003489
0.679510 0.002497
0.697335 0.003422
0.840343 0.003012
0.776001 0.001628
0.890105 0.004847
0.819425 0.004930
0.743644 0.002772
0.809134 0.002060
0.643368 0.005186
0.699510 0.003556
0.781961 0.003899
0.764855 0.002834
0.808999 0.005307
0.802209 0.002850
0.645378 0.004936
0.669907 0.002113
0.725614 0.003478
0.762951 0.002048
0.788415 0.003452
0.740498 0.002066
0.746339 0.004966
0.716162 0.004942
0.799620 0.002102
0.643449 0.002567
0.729082 0.002088
0.836550 0.002186
0.697613 0.003512
0.752164 0.006035
0.701487 0.002776
0.677408 0.002106
0.929369 0.005440
0.614604 0.003226
0.574348 0.003517
0.789125 0.002866
0.760519 0.003418
0.833369 0.003617
0.864831 0.004920
0.632399 0.004219
0.704411 0.005298
0.893002 0.005402
0.782112 0.004902
0.972471 0.003444
0.595579 0.002457
0.616727 0.003486
0.673105 0.003296
0.897141 0.004903
0.743178 0.001619
0.724495 0.002760
0.696191 0.003476
0.839148 0.004265
0.688336 0.004173
0.763693 0.003373
0.850739 0.004288
0.769504 0.004993
0.815520 0.002084
0.775140 0.001655
0.593103 0.006309
0.929395 0.003526
0.483176 0.002815
0.708091 0.003008
0.771046 0.006808
0.828910 0.003448
0.681601 0.002591
0.723117 0.001686
0.646405 0.003144
0.453222 0.003449
0.689208 0.002781
0.728156 0.002563
0.752654 0.002709
0.572870 0.005018
0.760909 0.003048
0.669849 0.002174
0.702003 0.003548
0.816652 0.003556
0.772515 0.002120
0.785580 0.003416
0.456382 0.003877
0.831064 0.002331
0.844717 0.003169
0.711024 0.002768
0.801035 0.002660
0.527746 0.002859
0.734511 0.002264
0.770309 0.002766
0.680926 0.004194
0.767919 0.002440
0.779612 0.003534
0.792559 0.004885
0.728516 0.006565
0.756605 0.002084
0.787727 0.002084
0.739843 0.004218
0.732995 0.003562
0.806600 0.002633
0.683322 0.002802
0.505584 0.004280
0.826934 0.003429
0.726935 0.001652
0.825505 0.003117
0.791431 0.004916
0.769469 0.002146
0.010391 0.001693
0.714652 0.002071
0.732663 0.004210
0.867068 0.002717
0.627610 0.002857
0.679803 0.003586
0.799528 0.006063
0.759863 0.002856
0.804024 0.003070
0.755125 0.005288
0.510974 0.005588
0.725469 0.003617
0.858648 0.004248
0.561972 0.004966
0.706160 0.002665
0.795020 0.004919
0.705194 0.006263
0.737931 0.002569
0.016987 0.002046
0.739928 0.002099
0.691668 0.002095
0.768747 0.003551
0.699721 0.002727
0.692875 0.004252
0.759998 0.002112
0.810100 0.004987
0.622990 0.005463
0.779012 0.004970
0.682776 0.003421
0.653711 0.003138
0.741440 0.003435
0.663294 0.004211
0.692881 0.003906
0.772452 0.003935
0.667899 0.005453
0.761495 0.005669
0.779594 0.002548
0.787285 0.003042
0.854860 0.005984
0.779640 0.002596
0.797444 0.002091
0.781397 0.003105
0.636843 0.002063
0.683987 0.002885
0.599573 0.005407
0.799624 0.003908
0.778394 0.004904
0.656061 0.003475
0.757872 0.002733
0.785085 0.005436
0.652120 0.002687
0.827839 0.005111
0.803449 0.004865
0.844204 0.005518
0.699506 0.002111
0.753461 0.002707
0.723042 0.002075
0.887234 0.005040
0.738147 0.002595
0.650427 0.002844
0.742117 0.002775
0.571014 0.005866
0.694663 0.002815
0.661996 0.002567
0.716295 0.003457
0.828563 0.005502
0.622334 0.002485
0.860358 0.002111
0.800772 0.003326
0.754209 0.004926
0.710006 0.004228
0.744434 0.004161
0.736880 0.003559
0.805539 0.002550
0.719315 0.002609
0.742673 0.004158
0.778169 0.003702
0.767400 0.002505
0.953785 0.003060
0.620983 0.007416
0.767159 0.004247
0.736349 0.003381
0.744622 0.002117
0.738899 0.002119
0.680113 0.002540
0.734088 0.005231
0.793850 0.005371
0.555453 0.003617
0.770602 0.003522
0.682012 0.002055
0.836271 0.005397
0.685115 0.004209
0.694126 0.005428
0.759113 0.004927
0.657843 0.001623
0.792771 0.002106
0.651640 0.003443
0.737121 0.004264
0.704207 0.002100
0.865168 0.004898
0.642715 0.002631
0.716839 0.005472
0.785313 0.004123
0.721986 0.004152
0.853692 0.004930
0.735848 0.003502
0.678503 0.002891
0.714826 0.003166
0.703028 0.004444
0.771475 0.001651
0.763793 0.002807
0.630720 0.005618
0.813399 0.001642
0.698140 0.003092
0.696307 0.004638
0.761515 0.002733
0.771503 0.004148
0.600422 0.004227
0.608308 0.004169
0.662944 0.004213
0.727604 0.002828
0.761248 0.003484
0.770839 0.003112
0.600049 0.003470
0.736666 0.003072
0.707780 0.002735
0.662555 0.003494
0.805561 0.004104
0.831910 0.002537
0.504876 0.005882
0.562172 0.005925
0.828618 0.004898
0.722503 0.004992
0.592717 0.002043
0.657391 0.002722
0.810017 0.003335
0.734817 0.002783
0.767997 0.002830
0.802485 0.001643
0.538105 0.004251
0.684471 0.002693
0.729370 0.003537
0.696197 0.004963
0.876031 0.002796
0.837015 0.002409
0.797346 0.002818
0.762032 0.003571
0.656906 0.003479
0.803446 0.002101
0.618314 0.002934
0.794752 0.002415
0.651288 0.003058
0.739323 0.002331
0.635341 0.003906
0.729334 0.002651
0.897121 0.002149
0.624296 0.003802
0.736196 0.004169
0.826371 0.003332
0.855903 0.004941
0.735720 0.002846
0.688565 0.004381
0.760663 0.004146
0.676630 0.004011
0.677370 0.002768
0.810257 0.005325
0.730570 0.002736
0.792243 0.004139
0.750833 0.004549
0.804733 0.002819
0.762448 0.003471
0.776542 0.002095
0.780462 0.002315
0.845142 0.004318
0.750487 0.002729
0.636538 0.001131
0.808207 0.004156
0.811223 0.005585
0.765045 0.003448
0.775142 0.002744
0.806736 0.006813
0.893570 0.005481
0.734662 0.002880
0.795416 0.002026
0.788117 0.003068
0.767581 0.005479
0.864591 0.003118
0.806537 0.001652
0.759174 0.002696
0.830095 0.002662
0.826195 0.004179
0.706130 0.002104
0.617089 0.003452
0.822379 0.004082
0.567393 0.003417
0.756728 0.003470
0.611742 0.003359
0.759065 0.006003
0.637874 0.001127
0.715402 0.004217
0.726989 0.004830
0.815094 0.005374
0.704215 0.002623
0.619171 0.002786
0.642371 0.003155
0.865864 0.002617
0.708841 0.003998
0.697411 0.002154
0.728357 0.002363
0.501678 0.002189
0.716952 0.005504
0.847565 0.004893
0.654188 0.003417
0.613648 0.005390
0.652872 0.002822
0.648281 0.005605
0.471744 0.001656
0.806574 0.006008
0.680072 0.004494
0.831212 0.004143
0.788785 0.004890
0.714667 0.004904
0.734642 0.004330
0.660763 0.002815
0.606146 0.002136
0.702905 0.002100
0.719386 0.003537
0.771995 0.002549
0.894643 0.005235
0.873170 0.005053
0.736452 0.002116
0.758317 0.003350
0.756881 0.002115
0.703678 0.003522
0.704759 0.004298
0.841631 0.003971
0.634485 0.002109
0.720336 0.002796
0.642556 0.004218
0.601916 0.005856
0.699182 0.004508
0.545430 0.003979
0.720594 0.004831
0.761046 0.005249
0.559458 0.003966
0.647344 0.003369
0.646766 0.007041
0.832207 0.006798
0.701458 0.003347
0.753771 0.004887
0.672884 0.004673
0.958293 0.005563
0.725977 0.004175
0.500100 0.002741
0.740019 0.004431
0.642456 0.004190
0.929749 0.003089
0.701556 0.004321
0.634359 0.005022
0.668875 0.004751
0.781472 0.004252
0.770635 0.006678
0.605975 0.006625
0.740033 0.004644
0.794285 0.005879
0.629845 0.004310
0.698327 0.004876
0.715943 0.005072
0.713390 0.007938
0.705747 0.002937
0.740200 0.004988
0.729388 0.003344
0.612060 0.004965
0.636654 0.004341
0.528051 0.003502
0.689920 0.004225
0.626568 0.004144
0.501440 0.004225
0.705640 0.003940
0.635530 0.005489
0.542646 0.001593
0.755540 0.005462
0.000000 0.003401
0.706714 0.003479
0.624188 0.004830
0.034586 0.003355
0.572983 0.005236
0.506033 0.005480
0.808766 0.005384
0.587271 0.004761
0.714743 0.005831
0.613057 0.003810
0.584375 0.003779
0.784254 0.003869
0.789928 0.004833
0.688740 0.004199
0.294749 0.004814
0.624782 0.002955
0.879993 0.003669
0.800536 0.005121
0.689581 0.006051
0.740852 0.003435
0.000000 0.006552
0.571059 0.004724
0.736699 0.003802
0.643535 0.003006
0.704423 0.002763
0.657105 0.004205
0.716163 0.002474
0.566497 0.003463
0.600881 0.002091
0.456869 0.005263
0.598505 0.005454
0.703718 0.004731
0.613452 0.005336
0.794359 0.003996
0.728764 0.004147
0.720448 0.006408
0.814838 0.007815
0.578435 0.004247
0.000000 0.003915
0.877524 0.006234
0.783012 0.005685
0.632040 0.004398
0.709584 0.006722
0.635192 0.002988
0.036998 0.004801
0.617663 0.003855
0.675905 0.003481
0.573708 0.003535
0.654206 0.004299
0.684497 0.006001
0.613891 0.005987
0.621810 0.006081
0.681386 0.002774
0.644428 0.003216
0.660388 0.004075
0.533129 0.001598
0.709788 0.002247
0.746780 0.002119
0.054641 0.002796
0.625505 0.002700
0.586951 0.002795
0.813623 0.003546
0.616070 0.003992
0.584449 0.004570
0.504486 0.003533
0.495632 0.003454
0.772672 0.005363
0.568150 0.005342
0.535626 0.004725
0.440422 0.005877
0.776189 0.003792
0.804068 0.003244
0.609280 0.003151
0.772823 0.004295
0.795579 0.004600
0.496663 0.004134
0.562649 0.004677
0.695672 0.004122
0.008366 0.008161
0.771384 0.004844
0.634132 0.003777
0.712383 0.004936
0.625420 0.004753
0.639869 0.005293
0.684492 0.004217
0.813763 0.003446
0.733766 0.006014
0.759253 0.006188
0.533393 0.004191
0.736161 0.003859
0.716461 0.003742
0.652282 0.003851
0.647506 0.003003
0.658137 0.003477
0.678498 0.004014
0.694499 0.001549
0.833347 0.005283
0.647901 0.003038
0.702398 0.003356
0.589077 0.004280
0.723103 0.005379
0.373297 0.004885
0.583955 0.004209
0.800385 0.006624
0.678182 0.003327
0.641435 0.005988
0.717926 0.004124
0.663442 0.003443
0.589291 0.004813
0.684277 0.004123
0.499646 0.001281
0.703187 0.002561
0.670293 0.004905
0.598025 0.004840
0.597504 0.004922
0.607095 0.006060
0.748925 0.005579
0.564872 0.006455
0.525065 0.004169
0.709013 0.003376
0.666132 0.002755
0.579662 0.005305
0.720221 0.003906
0.500308 0.003023
0.454652 0.005321
0.825929 0.004861
0.822585 0.003987
0.738315 0.003345
0.691194 0.005285
0.754788 0.004210
0.694762 0.005335
0.661972 0.004076
0.736020 0.003441
0.296634 0.004359
0.593897 0.003579
0.673750 0.002997
0.601049 0.004184
0.740764 0.005747
0.489925 0.002605
0.762161 0.005167
0.722227 0.002465
0.657897 0.003321
0.622007 0.007569
0.591521 0.006625
0.403349 0.003119
0.853001 0.003511
0.782043 0.002605
0.779810 0.003445
0.613322 0.001623
0.893472 0.004148
0.727762 0.003045
0.856585 0.004235
0.534596 0.003083
0.484354 0.003068
0.671711 0.003076
0.649007 0.004993
0.711355 0.003050
0.702109 0.004667
0.747885 0.004761
0.716645 0.005441
0.575140 0.004259
0.716322 0.003530
0.471282 0.006127
0.423408 0.002086
0.781916 0.006011
0.665664 0.003986
0.631653 0.002064
0.729590 0.005730
0.712873 0.003354
0.533234 0.004041
0.699040 0.006489
0.618906 0.007017
0.761059 0.002513
0.452425 0.003065
0.502953 0.002787
0.875131 0.005365
0.594626 0.004139
0.621339 0.003261
0.745983 0.002581
0.875767 0.003438
0.649415 0.007480
0.506202 0.001086
0.651092 0.002736
0.776313 0.005481
0.749967 0.002475
0.540222 0.002743
0.528554 0.004159
0.629674 0.004901
0.795431 0.005285
0.746366 0.006382
0.676479 0.004136
0.781601 0.005568
0.567632 0.005448
0.737065 0.005356
0.749344 0.002766
0.587263 0.004129
0.862123 0.006455
0.811142 0.004208
0.586762 0.003182
0.650158 0.004175
0.522841 0.002782
0.709879 0.003899
0.664520 0.002063
0.557728 0.003160
0.505956 0.006250
0.000000 0.005711
0.652998 0.003020
0.818474 0.004751
0.891944 0.004873
0.617515 0.003319
0.591926 0.011188
0.683057 0.001318
0.723806 0.003469
0.830015 0.003988
0.672763 0.005323
0.847106 0.005040
0.605163 0.002086
0.800626 0.005424
0.715870 0.004897
0.777271 0.004196
0.729848 0.003959
0.731112 0.004608
0.826734 0.006179
0.745971 0.005429
0.566694 0.003085
0.751937 0.004048
0.564960 0.003481
0.787343 0.002788
0.699435 0.003553
0.671234 0.004598
0.575939 0.004881
0.733740 0.004573
0.553402 0.002552
0.764571 0.003472
0.530680 0.005414
0.620141 0.004219
0.130156 0.005934
0.653129 0.005993
0.574810 0.004943
0.646220 0.004129
0.040104 0.005892
0.665545 0.004277
0.797407 0.005878
0.793859 0.004160
0.893483 0.003622
0.810603 0.004209
0.770847 0.003569
0.593990 0.005400
0.794456 0.002552
0.847082 0.005803
0.683925 0.004173
0.855786 0.004160
0.816856 0.004092
0.686523 0.005344
0.842956 0.004341
0.771599 0.003347
0.771573 0.004764
0.776629 0.003091
0.992970 0.005830
0.847487 0.005534
0.754097 0.005444
0.796426 0.003075
0.805911 0.005008
0.812923 0.006410
0.656519 0.006630
0.851365 0.005350
0.791376 0.004786
0.746786 0.004879
0.860301 0.004335
0.815118 0.003272
0.801927 0.007482
0.828129 0.005934
0.924955 0.004704
0.646203 0.003157
0.715951 0.002042
0.704176 0.003057
0.809872 0.004166
0.667777 0.002494
0.750908 0.007089
0.854115 0.004206
0.862882 0.004832
0.810367 0.004205
0.716461 0.003387
0.821562 0.005270
0.817466 0.003526
0.740642 0.003526
0.810059 0.003853
0.814820 0.006905
0.776422 0.005436
0.634618 0.003547
0.736078 0.005760
0.663138 0.003522
0.700352 0.004900
0.935227 0.004658
0.669013 0.006036
0.880418 0.004858
0.758685 0.003421
0.836776 0.004821
0.787608 0.006638
0.678249 0.002958
0.840570 0.003106
0.804473 0.005262
0.718536 0.004858
0.697584 0.002757
0.814799 0.003301
0.749385 0.005927
0.749429 0.004942
0.704180 0.001991
0.748690 0.005184
0.785470 0.004172
0.695392 0.002717
0.727853 0.005354
0.903879 0.007064
0.712607 0.005327
0.465626 0.004196
0.858769 0.007001
0.781326 0.005279
0.731444 0.001937
0.772180 0.004303
0.820924 0.004095
0.684103 0.003157
0.759835 0.003938
0.838804 0.004253
0.806035 0.005633
0.841173 0.004602
0.693474 0.004270
0.735622 0.002531
0.700558 0.003481
0.825760 0.003576
0.764018 0.003458
0.795039 0.004138
0.832480 0.004106
0.640144 0.003391
0.753632 0.002500
0.852753 0.003493
0.821870 0.004895
0.748784 0.003455
0.722057 0.004867
0.776168 0.006598
0.756490 0.006753
0.799677 0.004282
0.759645 0.004527
0.813376 0.003716
0.668083 0.006555
0.591376 0.002720
0.661911 0.002275
0.748624 0.004012
0.781544 0.004306
0.864833 0.003326
0.615258 0.005446
0.800426 0.004184
0.847781 0.003394
0.848480 0.004451
0.834688 0.003167
0.647182 0.004384
0.885076 0.004319
0.555157 0.003270
0.768679 0.004446
0.819527 0.003943
0.901357 0.005213
0.678505 0.004876
0.604761 0.003175
0.767780 0.005479
0.707965 0.003092
0.839102 0.007113
0.850384 0.004837
0.833533 0.002757
0.803297 0.005376
0.839649 0.006663
0.849889 0.005589
0.831859 0.003537
0.690342 0.003804
0.767762 0.005528
0.646832 0.005197
0.776646 0.005260
0.809460 0.006281
0.804447 0.003373
0.733780 0.003458
0.867611 0.004913
0.773868 0.004124
0.758598 0.002003
0.779009 0.004913
0.729822 0.004259
0.723311 0.005676
0.776305 0.003156
0.800522 0.004157
0.759858 0.004223
0.871548 0.005535
0.891130 0.004601
0.764871 0.003717
0.778617 0.003423
0.813494 0.006523
0.894387 0.005189
0.768593 0.005157
0.696304 0.004742
0.758869 0.005841
0.850462 0.002543
0.747898 0.006055
0.821778 0.003120
0.739837 0.005854
0.837958 0.005442
0.781248 0.002522
0.808721 0.004239
0.762379 0.007011
0.888335 0.004703
0.782668 0.003402
0.789684 0.005831
0.819009 0.004275
0.906035 0.002712
0.950779 0.005925
0.785554 0.002196
0.760648 0.005343
0.878627 0.003960
0.848420 0.005716
0.742735 0.006341
0.840572 0.006589
0.787631 0.005683
0.653367 0.005239
0.752510 0.006498
0.827564 0.003665
0.780014 0.003104
0.767343 0.002747
0.773137 0.003865
0.800275 0.002601
0.901517 0.002693
0.791398 0.003396
0.721908 0.006172
0.831458 0.004230
0.750967 0.005922
0.775673 0.003687
0.777958 0.004369
0.860365 0.004319
0.900643 0.003457
0.727789 0.005937
0.842526 0.006005
0.831711 0.004730
0.720383 0.006006
0.725523 0.002020
0.259550 0.003526
0.565330 0.003453
0.800335 0.003140
0.744608 0.004917
0.875809 0.002037
0.513437 0.002776
0.871410 0.006310
0.698724 0.002542
0.700817 0.003647
0.845412 0.004906
0.805937 0.003314
0.810322 0.005109
0.734966 0.004948
0.778528 0.003482
0.770601 0.004898
0.690550 0.003467
0.568083 0.003467
0.794955 0.005671
0.830663 0.004976
0.800995 0.006424
0.701472 0.004707
0.800325 0.005584
0.746887 0.001608
0.620255 0.004139
0.709504 0.003215
0.882991 0.005532
0.732838 0.004243
0.790810 0.003354
0.863215 0.004812
0.813167 0.004612
0.878703 0.003926
0.894927 0.005262
0.654364 0.003620
0.803166 0.003858
0.751234 0.003831
0.910976 0.002731
0.857160 0.005103
0.672609 0.002998
0.564345 0.003585
0.646685 0.006174
0.681715 0.004880
0.673068 0.002631
0.230828 0.005378
0.842734 0.005245
0.817230 0.004843
0.713667 0.003057
0.814366 0.003413
0.804136 0.003444
0.767102 0.004239
0.739504 0.004901
0.824638 0.004870
0.818252 0.004893
0.743996 0.005467
0.661832 0.005516
0.852711 0.004112
0.912692 0.007003
0.723107 0.004102
0.693621 0.002785
0.891506 0.004141
0.905824 0.006010
0.902671 0.007218
0.779821 0.004063
0.903554 0.004251
0.801908 0.005186
0.795230 0.003452
0.803164 0.002517
0.841988 0.004181
0.865529 0.004012
0.789164 0.002657
0.737593 0.006397
0.762147 0.004137
0.708648 0.004628
0.759758 0.005349
0.906894 0.003414
0.803723 0.007281
0.744919 0.003363
0.859789 0.006641
0.784975 0.004648
0.691290 0.004246
0.796112 0.004969
0.623705 0.006419
0.820820 0.004581
0.737885 0.002713
0.675430 0.005284
0.744588 0.003697
0.647986 0.005396
0.641176 0.004432
0.718420 0.003855
0.807564 0.005019
0.833273 0.004992
0.873858 0.004689
0.765324 0.004651
0.487339 0.003538
0.529420 0.004861
0.266803 0.002973
0.859829 0.003019
0.380525 0.004882
0.646472 0.005419
0.893877 0.006554
0.886987 0.006798
0.705298 0.005282
0.722128 0.003162
0.624256 0.003499
0.876436 0.007442
0.932986 0.005266
0.849293 0.004931
0.861768 0.003737
0.815555 0.007437
0.810181 0.003093
0.931070 0.008145
0.817864 0.004705
0.525069 0.009832
0.866853 0.004421
0.751096 0.003339
0.894751 0.003135
0.726114 0.005956
0.625781 0.008946
0.743434 0.004330
0.656340 0.005319
0.901094 0.003280
0.840003 0.004225
0.898003 0.003948
0.724785 0.005987
0.646148 0.004725
0.917077 0.004934
0.727472 0.004109
0.854399 0.002679
0.799377 0.002993
0.695785 0.005441
0.776020 0.006789
0.633335 0.007517
0.914204 0.003989
0.687215 0.003437
0.753661 0.003504
0.706090 0.003029
0.851586 0.004904
0.558328 0.005378
0.757729 0.002963
0.932978 0.005404
0.721036 0.006481
0.719619 0.007799
0.609295 0.004773
0.878261 0.002909
0.934143 0.003490
0.873941 0.005174
0.896120 0.003957
0.726232 0.006360
0.772467 0.003998
0.890356 0.005424
0.820585 0.002923
0.661085 0.003862
0.609018 0.003623
0.948951 0.004999
0.928233 0.005653
0.644505 0.004555
0.789783 0.005990
0.706135 0.004614
0.860988 0.006567
0.811643 0.005240
0.748438 0.004784
0.814089 0.004666
0.860739 0.004603
0.776193 0.004392
0.860177 0.003482
0.748260 0.004979
0.832423 0.004907
0.731306 0.006171
0.795132 0.003954
0.758539 0.002925
0.643801 0.003832
0.882320 0.005254
0.726187 0.005990
0.666617 0.004875
0.629906 0.003371
0.727872 0.004219
0.530852 0.003404
0.749531 0.004794
0.786833 0.006118
0.772304 0.006790
0.933992 0.003994
0.524012 0.003687
0.865273 0.006898
0.487974 0.003495
0.791351 0.005091
0.852713 0.004964
0.763801 0.007489
0.843859 0.004019
0.768445 0.004654
0.917967 0.005472
0.858680 0.002587
0.811889 0.004905
0.877752 0.004119
0.701130 0.003232
0.791559 0.004794
0.621301 0.002271
0.608029 0.006896
0.808654 0.003963
0.801033 0.003814
0.821958 0.003957
0.749431 0.005946
0.712003 0.003389
0.823354 0.003144
0.831090 0.005418
0.739537 0.003144
0.750910 0.002639
0.886877 0.003898
0.583654 0.003943
0.882674 0.005536
0.804825 0.005749
0.747009 0.004788
0.656866 0.004254
0.743867 0.004086
0.556183 0.004873
0.911959 0.004726
0.875162 0.003040
0.894476 0.003879
0.941298 0.004131
0.754347 0.004894
0.808639 0.006034
0.742234 0.006206
0.879902 0.004949
0.676610 0.004104
0.580001 0.005291
0.012288 0.005340
0.847759 0.006183
0.789436 0.003301
0.868758 0.006773
0.833376 0.003728
0.798885 0.002754
0.935755 0.007110
0.624305 0.003492
0.761144 0.006040
0.876719 0.003449
0.740106 0.007084
0.716311 0.005455
0.775202 0.006261
0.675578 0.004185
0.910557 0.003463
0.007695 0.003933
0.813159 0.005354
0.691418 0.003330
0.815973 0.006824
0.922495 0.006511
0.791030 0.006417
0.768346 0.006450
0.847975 0.006581
0.670241 0.006452
0.752199 0.005359
0.857259 0.005100
0.858761 0.005953
0.820277 0.003927
0.899494 0.005065
0.542957 0.005369
0.848933 0.005157
0.903671 0.005815
0.836408 0.003137
0.809758 0.004262
0.889021 0.003293
0.543087 0.002892
0.785626 0.004868
0.882574 0.004232
0.840550 0.006894
0.515961 0.005643
0.920515 0.005331
0.804358 0.004248
0.906070 0.003436
0.614285 0.003054
0.816688 0.005316
0.803755 0.005259
0.763915 0.004856
0.812994 0.004177
0.827578 0.004596
0.000000 0.004747
0.726521 0.006585
0.732307 0.005378
0.912600 0.004648
0.801333 0.005986
0.767524 0.003820
0.952689 0.006581
0.852727 0.005111
0.857076 0.004838
0.821070 0.005357
0.620311 0.004885
0.386908 0.003858
0.877960 0.006037
0.839313 0.005451
0.820608 0.003375
0.643567 0.005397
0.686874 0.005453
0.691916 0.002766
0.759893 0.006213
0.602131 0.006173
0.850893 0.003553
0.721851 0.002953
0.733285 0.006447
0.868691 0.004782
0.789864 0.003460
0.770383 0.006605
0.836424 0.005935
0.605642 0.004169
0.683862 0.004271
0.865361 0.006100
0.682630 0.003586
0.768365 0.006266
0.863047 0.005011
0.684873 0.005305
0.919590 0.004916
0.965677 0.005117
0.909999 0.005369
0.888197 0.003613
0.530879 0.005399
0.816176 0.006305
0.882467 0.007713
0.718414 0.004106
0.878707 0.003815
0.747883 0.006036
0.696257 0.001117
0.838894 0.007731
0.780620 0.004917
0.926654 0.005268
0.779185 0.003573
0.689700 0.003930
0.776734 0.003082
0.857111 0.004627
0.790695 0.005337
0.738558 0.005027
0.931441 0.005783
0.661747 0.005411
0.783574 0.003660
0.744397 0.003655
0.768734 0.004728
0.599578 0.006156
0.790886 0.006471
0.712226 0.005908
0.829470 0.004137
0.813905 0.004119
0.887249 0.002071
0.590726 0.005333
0.643838 0.004828
0.754758 0.005860
0.879288 0.003453
0.926342 0.002067
0.866867 0.005416
0.735544 0.003056
0.842673 0.004937
0.849929 0.005408
0.744716 0.004898
0.834741 0.006431
0.697155 0.005506
0.945677 0.003912
0.870574 0.006643
0.712309 0.005305
0.809177 0.004571
0.796291 0.004932
0.894119 0.005350
0.741940 0.004272
0.907191 0.005795
0.868891 0.003611
0.756878 0.006533
0.148932 0.004834
0.855205 0.004625
0.920117 0.003556
0.725556 0.006381
0.768166 0.003835
0.908699 0.005001
0.752489 0.004927
0.568335 0.005351
0.708486 0.006301
0.824345 0.004827
0.879337 0.003595
0.793665 0.005377
0.895237 0.003495
0.751776 0.004881
0.794705 0.005142
0.932083 0.004715
0.842062 0.005534
0.796520 0.004120
0.714193 0.004181
0.930544 0.004639
0.907529 0.003437
0.890706 0.003994
0.806107 0.005273
0.703507 0.004957
0.910038 0.003702
0.818303 0.005139
0.933883 0.004156
0.684247 0.003774
0.730986 0.004259
0.831830 0.004881
0.798537 0.004192
0.759304 0.005861
0.815294 0.005924
0.758742 0.004321
0.721520 0.006581
0.837517 0.004037
0.802636 0.002784
0.715827 0.005443
0.851302 0.003944
0.816484 0.003304
0.759788 0.004922
0.881842 0.004990
0.834497 0.005198
0.776121 0.003404
0.852704 0.003878
0.751196 0.003148
0.739172 0.003816
0.825610 0.003263
0.799801 0.009401
0.756459 0.003894
0.568782 0.002982
0.622207 0.003480
0.829289 0.006220
0.793556 0.005131
0.873397 0.004388
0.885574 0.003435
0.915845 0.003509
0.669281 0.005481
0.777638 0.003415
0.702577 0.003622
0.720696 0.003692
0.779176 0.004296
0.955758 0.007510
0.929385 0.003302
0.715973 0.002636
0.893019 0.004307
0.877078 0.015370
0.954740 0.005193
0.847542 0.005538
0.642852 0.004039
0.684157 0.004773
0.694714 0.003919
0.547681 0.002529
0.706679 0.004146
0.741676 0.003221
0.756107 0.003197
0.876558 0.003193
0.800729 0.003193
0.848269 0.004831
0.583208 0.004639
0.587248 0.004906
0.710807 0.003456
0.683723 0.006017
0.743750 0.004691
0.794730 0.004153
0.776276 0.003433
0.880195 0.006146
0.861108 0.003994
0.801106 0.004206
0.744245 0.004373
0.727158 0.006093
0.680163 0.004634
0.621447 0.004819
0.433553 0.004862
0.699413 0.004095
0.813368 0.004148
0.707065 0.004021
0.856699 0.004164
0.795730 0.003138
0.567333 0.003207
0.751831 0.003429
0.760024 0.005920
0.541954 0.004172
0.771429 0.004894
0.792256 0.006568
0.759407 0.006548
0.768347 0.004464
0.883203 0.003466
0.739283 0.003271
0.712426 0.002074
0.805055 0.004082
0.690435 0.004687
0.705749 0.005376
0.777974 0.003430
0.804581 0.004907
0.839794 0.003154
0.827469 0.002035
0.720565 0.005430
0.924339 0.003386
0.887551 0.003369
0.881503 0.003322
0.817987 0.004158
0.880784 0.005182
0.770756 0.003136
0.675949 0.006546
0.795507 0.005426
0.806390 0.003448
0.787820 0.006273
0.693648 0.003605
0.780314 0.004981
0.868048 0.004179
0.791402 0.004147
0.876998 0.003669
0.783624 0.004695
0.702619 0.005872
0.872968 0.005468
0.746635 0.004654
0.927291 0.004990
0.624067 0.004951
0.665894 0.003896
0.704770 0.004938
0.606261 0.003804
0.911360 0.006575
0.800499 0.005177
0.745346 0.003584
0.704764 0.004723
0.936778 0.002527
0.760396 0.002527
0.651768 0.004727
0.755060 0.004273
0.826117 0.003446
0.641885 0.004509
0.792272 0.004921
0.928955 0.004964
0.726458 0.004802
0.810472 0.003902
0.846988 0.004272
0.760401 0.002616
0.835805 0.002640
0.934566 0.005424
0.771058 0.004806
0.816588 0.003889
0.645539 0.003814
0.830127 0.004176
0.812124 0.003909
0.839686 0.005193
0.797594 0.004810
0.662835 0.002076
0.698035 0.004987
0.625575 0.005911
0.812434 0.004936
0.801014 0.006461
0.719068 0.003340
0.780187 0.004877
0.658283 0.006685
0.697179 0.006682
0.727370 0.003145
0.869502 0.003349
0.749577 0.004272
0.652245 0.006000
0.868885 0.002050
0.637461 0.003946
0.547197 0.005472
0.621647 0.004600
0.937478 0.004125
0.838708 0.002671
0.386970 0.004227
0.588376 0.005389
0.722691 0.005363
0.730263 0.004233
0.579639 0.004244
0.698475 0.005543
0.555141 0.005362
0.850527 0.004084
0.792959 0.003343
0.712878 0.007719
0.707861 0.002810
0.914376 0.003101
0.650503 0.003952
0.812115 0.004625
0.474175 0.003535
0.685222 0.003291
0.911168 0.003531
0.883407 0.005480
0.721884 0.004907
0.735839 0.003459
0.828815 0.003567
0.698747 0.005225
0.616685 0.005302
0.511761 0.003515
0.965352 0.003168
0.738969 0.003468
0.779567 0.004842
0.841893 0.002749
0.873986 0.003614
0.661027 0.004693
0.757930 0.004121
0.782494 0.006473
0.880585 0.005495
0.668107 0.004386
0.581759 0.005771
0.840218 0.005925
0.814239 0.003599
0.763049 0.004819
0.834738 0.001608
0.454883 0.004279
0.779071 0.005436
0.600906 0.004208
0.661002 0.006210
0.920013 0.002767
0.913167 0.004848
0.857055 0.004178
0.822501 0.003463
0.699880 0.005434
0.907605 0.003509
0.619660 0.006837
0.824710 0.003881
0.716372 0.005039
0.849149 0.007129
0.837861 0.003269
0.538403 0.005989
0.792977 0.005665
0.758452 0.001618
0.786567 0.005833
0.773630 0.004797
0.800914 0.003542
0.871088 0.003313
0.800254 0.004216
0.848084 0.004899
0.592533 0.002585
0.701054 0.002753
0.812336 0.005425
0.862012 0.005846
0.696393 0.006916
0.820005 0.003531
0.838019 0.003364
0.616133 0.005396
0.679453 0.005559
0.742964 0.006501
0.748543 0.003551
0.973699 0.004908
0.733048 0.003618
0.820557 0.004643
0.848710 0.004839
0.703585 0.005771
0.834718 0.005564
0.948070 0.003546
0.853319 0.007056
0.693087 0.004107
0.789565 0.006229
0.858011 0.004418
0.853583 0.005422
0.718372 0.006046
0.823882 0.004015
0.848936 0.004034
0.795550 0.002795
0.840993 0.003665
0.854602 0.004928
0.764532 0.002494
0.788600 0.004365
0.806890 0.004745
0.852262 0.003096
0.776359 0.004199
0.031198 0.005692
0.702557 0.004375
0.810775 0.002022
0.779226 0.004862
0.769281 0.004142
0.736895 0.003173
0.724375 0.005352
0.722751 0.003569
0.741726 0.004290
0.546959 0.004004
0.782512 0.003425
0.852963 0.002980
0.774346 0.004315
0.587538 0.005283
0.806557 0.004216
0.907420 0.002923
0.723223 0.004969
0.751449 0.003555
0.725381 0.003413
0.823090 0.003146
0.867018 0.006585
0.913476 0.003969
0.800198 0.003542
0.799100 0.005621
0.754532 0.003006
0.908295 0.004826
0.822138 0.002904
0.526431 0.005234
0.626721 0.003399
0.767110 0.002879
0.856662 0.005890
0.853426 0.004804
0.805698 0.003451
0.717553 0.003580
0.770678 0.003678
0.829025 0.003800
0.854773 0.002608
0.791671 0.006423
0.647259 0.002961
0.690712 0.004811
0.785153 0.005344
0.616305 0.005395
0.014503 0.001679
0.893331 0.005075
0.680111 0.003348
0.762494 0.003523
0.657214 0.003893
0.723656 0.004212
0.741026 0.002837
0.726180 0.002681
0.759919 0.003495
0.675704 0.005215
0.819437 0.003898
0.925225 0.003654
0.812220 0.005341
0.802970 0.003587
0.814069 0.003418
0.909066 0.003400
0.825682 0.004282
0.753464 0.002482
0.889894 0.003424
0.891001 0.002096
0.881348 0.004172
0.397302 0.004153
0.822087 0.005472
0.760330 0.006529
0.885638 0.004891
0.735857 0.006645
0.849350 0.005495
0.773498 0.003478
0.798071 0.003466
0.773093 0.002156
0.833767 0.004250
0.718712 0.003333
0.622491 0.003563
0.623508 0.006077
0.625361 0.003107
0.889194 0.005387
0.843356 0.003356
0.845322 0.002874
0.824094 0.004154
0.640836 0.004125
0.839713 0.005349
0.667873 0.002153
0.723626 0.004236
0.689848 0.004894
0.899219 0.004240
0.828085 0.006037
0.796021 0.002568
0.771022 0.004269
0.354845 0.003172
0.732070 0.003609
0.817674 0.003550
0.709241 0.004276
0.829193 0.003358
0.697239 0.004281
0.180197 0.004071
0.658395 0.002315
0.768836 0.003447
0.647331 0.002123
0.628324 0.004207
0.213025 0.005327
0.686024 0.003530
0.911658 0.004909
0.782120 0.004255
0.848160 0.003464
0.763825 0.003332
0.877499 0.003458
0.879702 0.006028
0.842937 0.004884
0.673481 0.004192
0.856904 0.004886
0.754120 0.003027
0.747796 0.002297
0.830438 0.005358
0.815133 0.005341
0.725415 0.005060
0.777877 0.004215
0.773332 0.001345
0.724881 0.004260
0.763083 0.004143
0.899021 0.004258
0.878200 0.006469
0.901446 0.002285
0.596534 0.002836
0.928239 0.002741
0.867300 0.006557
0.826661 0.003155
0.722457 0.005080
0.719652 0.003403
0.747919 0.003538
0.758635 0.002732
0.350619 0.003593
0.749391 0.005987
0.823627 0.004319
0.798488 0.003043
0.935416 0.004865
0.856088 0.002877
0.811247 0.003169
0.808567 0.004834
0.822489 0.004937
0.688563 0.001734
0.757383 0.002687
0.751207 0.004208
0.655197 0.003384
0.921208 0.005324
0.734675 0.004845
0.742338 0.002266
0.737079 0.006288
0.586300 0.004827
0.647379 0.004156
0.802390 0.004773
0.827928 0.003451
0.843981 0.004254
0.843896 0.003522
0.750224 0.002484
0.680393 0.003113
0.820810 0.004211
0.819806 0.004318
0.867433 0.003457
0.735888 0.002952
0.757637 0.003198
0.721139 0.005358
0.763760 0.002758
0.698059 0.002864
0.915783 0.003110
0.867054 0.003989
0.640894 0.004740
0.846315 0.004250
0.869611 0.004204
0.844419 0.002695
0.670088 0.002141
0.846745 0.003437
0.662920 0.003315
0.775195 0.004781
0.751358 0.004689
0.518747 0.002088
0.755436 0.004676
0.670030 0.003316
0.768285 0.006040
0.779597 0.003248
0.843111 0.003490
0.859646 0.004002
0.841772 0.003382
0.796494 0.003518
0.743527 0.004904
0.838737 0.003531
0.911607 0.002655
0.789942 0.005434
0.731567 0.003203
0.715301 0.003566
0.674752 0.004334
0.656760 0.002157
0.793221 0.004044
0.727405 0.005026
0.929104 0.004836
0.880028 0.004944
0.871598 0.005401
0.815170 0.005188
0.830598 0.004180
0.722154 0.003555
0.717103 0.003085
0.706058 0.001706
0.721691 0.003021
0.914332 0.002678
0.796993 0.005445
0.849337 0.004174
0.795323 0.006070
0.706037 0.005529
0.906056 0.002620
0.885264 0.005708
0.895649 0.002368
0.692103 0.004169
0.741198 0.004207
0.638928 0.004816
0.863446 0.002532
0.803558 0.003091
0.614299 0.004283
0.748162 0.004241
0.628362 0.003180
0.829054 0.004746
0.792502 0.003337
0.638955 0.004905
0.656335 0.004730
0.794023 0.003459
0.706188 0.004951
0.839369 0.003774
0.600623 0.004885
0.854605 0.004309
0.788167 0.004212
0.883208 0.005433
0.853321 0.004708
0.931782 0.004193
0.868716 0.005393
0.898495 0.004968
0.486956 0.002848
0.736558 0.003287
0.132914 0.004915
0.817722 0.005451
0.579228 0.001773
0.835317 0.004255
0.827288 0.003968
0.691694 0.003929
0.774730 0.003719
0.714289 0.005770
0.686566 0.005275
0.705543 0.004205
0.704209 0.003585
0.789982 0.001686
0.645666 0.004915
0.835738 0.003285
0.663619 0.004880
0.558504 0.002876
0.833072 0.004857
0.707816 0.005442
0.775892 0.003143
0.855729 0.004277
0.707292 0.004766
0.677494 0.003805
0.864896 0.005367
0.859540 0.003492
0.703466 0.005500
0.371327 0.003180
0.751065 0.005471
0.831337 0.003507
0.839032 0.004238
0.779788 0.003444
0.860910 0.005465
0.872576 0.003497
0.763331 0.004179
0.785249 0.005418
0.841469 0.003750
0.688399 0.004361
0.831237 0.002467
0.780402 0.005593
0.717994 0.005285
0.743296 0.003558
0.883858 0.003587
0.767627 0.004196
0.771880 0.003516
0.814853 0.004941
0.884017 0.003621
0.745408 0.004977
0.705442 0.005009
0.888151 0.005579
0.710073 0.005149
0.704494 0.004254
0.079090 0.005504
0.579940 0.002201
0.662455 0.003640
0.335121 0.004321
0.930533 0.002751
0.704624 0.003450
0.657604 0.004286
0.628188 0.002194
0.819547 0.003847
0.874517 0.004900
0.687774 0.003215
0.814664 0.005094
0.682217 0.003183
0.791150 0.001799
0.746099 0.002859
0.861235 0.003936
0.816032 0.003651
0.816043 0.004257
0.717827 0.004213
0.694703 0.002867
0.886476 0.003635
0.807699 0.002591
0.649497 0.005318
0.874392 0.004864
0.895920 0.005112
0.924004 0.003255
0.890974 0.004170
0.502445 0.005838
0.813702 0.003463
0.800284 0.001633
0.844745 0.004827
0.822673 0.004926
0.857967 0.004417
0.126669 0.004306
0.812169 0.003264
0.766724 0.004235
0.886039 0.004294
0.715974 0.004437
0.797635 0.005538
0.903672 0.008785
0.884619 0.002933
0.812079 0.002972
0.896227 0.003351
0.814884 0.003409
0.677552 0.004928
0.851929 0.004506
0.711712 0.004625
0.748224 0.001631
0.901475 0.002136
0.733261 0.003505
0.674984 0.003432
0.547726 0.004962
0.619100 0.003160
0.751978 0.002746
0.877018 0.006006
0.309818 0.005565
0.662735 0.005111
0.626238 0.004898
0.731668 0.003625
0.691380 0.003099
0.706983 0.005328
0.827682 0.004937
0.768640 0.003416
0.761541 0.003968
0.731237 0.003550
0.812444 0.003399
0.849665 0.005419
0.868492 0.002188
0.786186 0.005494
0.778128 0.008183
0.865763 0.003571
0.859098 0.003497
0.798678 0.003560
0.804657 0.003397
0.792104 0.002747
0.835040 0.003213
0.835862 0.003235
0.685913 0.003159
0.960772 0.001656
0.913975 0.003572
0.623584 0.002861
0.891332 0.003824
0.707677 0.003239
0.726633 0.003628
0.854861 0.002656
0.878836 0.003435
0.805247 0.003613
0.636581 0.003354
0.174562 0.003285
0.878766 0.003228
0.744674 0.005447
0.750177 0.005429
0.871488 0.004224
0.871968 0.004487
0.801242 0.002685
0.683064 0.003598
0.663881 0.002752
0.671666 0.002903
0.815235 0.003201
0.701974 0.004932
0.668462 0.005283
0.712863 0.004964
0.841680 0.003042
0.855874 0.004184
0.806751 0.003190
0.933472 0.003510
0.804619 0.003389
0.729551 0.003206
0.846809 0.003462
0.786729 0.004369
0.821852 0.002780
0.871661 0.003540
0.944958 0.005451
0.806975 0.003107
0.662008 0.003505
0.731202 0.003127
0.676593 0.004976
0.605881 0.004922
0.726417 0.003665
0.305321 0.005155
0.660392 0.004939
0.892602 0.004724
0.780523 0.003237
0.757542 0.005479
0.631588 0.002658
0.785999 0.003469
0.889598 0.003187
0.803070 0.003541
0.320148 0.004965
0.768777 0.003510
0.745729 0.003451
0.851197 0.003242
0.795820 0.003423
0.752666 0.005015
0.618859 0.005317
0.814019 0.003006
0.754170 0.003637
0.757820 0.003475
0.750012 0.004925
0.805116 0.006223
0.896205 0.003359
0.842295 0.005580
0.774728 0.003415
0.829624 0.003408
0.595284 0.004038
0.697283 0.004249
0.671070 0.003562
0.844567 0.001411
0.907271 0.003445
0.706608 0.002649
0.753850 0.003589
0.831099 0.004945
0.755706 0.004945
0.927984 0.004015
0.577559 0.003119
0.743510 0.003076
0.810788 0.002596
0.713380 0.003329
0.844071 0.002030
0.688263 0.004134
0.611590 0.003265
0.806022 0.004969
0.558936 0.003448
0.692585 0.003466
0.660275 0.004969
0.666910 0.002123
0.872711 0.004992
0.707007 0.002055
0.782419 0.003415
0.677153 0.003431
0.568550 0.002771
0.696181 0.002284
0.811244 0.003451
0.807566 0.004868
0.685088 0.001621
0.607786 0.003619
0.726482 0.005187
0.751841 0.002567
0.812319 0.003388
0.767173 0.003258
0.625573 0.003205
0.823482 0.004197
0.662659 0.004828
0.723535 0.004105
0.615722 0.005229
0.628680 0.005073
0.704958 0.001101
0.814996 0.003162
0.603269 0.003646
0.611042 0.002025
0.724344 0.003438
0.684675 0.003253
0.561146 0.003654
0.756951 0.005452
0.642541 0.004085
0.691867 0.003412
0.713746 0.002951
0.789212 0.003762
0.722863 0.003606
0.564028 0.001693
0.795289 0.002738
0.807477 0.004225
0.685098 0.002786
0.699532 0.003375
0.562460 0.002736
0.671212 0.004145
0.775080 0.004777
0.781726 0.003503
0.629346 0.002078
0.613846 0.002073
0.713379 0.004169
0.726483 0.003424
0.732102 0.003456
0.547747 0.004773
0.732659 0.002065
0.821774 0.002062
0.696448 0.004355
0.894545 0.004160
0.898195 0.005407
0.675060 0.002212
0.663774 0.003656
0.795434 0.004944
0.542569 0.004876
0.727219 0.004186
0.759387 0.003139
0.649235 0.002584
0.847508 0.003507
0.744778 0.003004
0.679051 0.004926
0.645083 0.002056
0.819742 0.003847
0.827930 0.004026
0.721255 0.005293
0.895722 0.007062
0.864793 0.002659
0.427927 0.002068
0.858168 0.004827
0.593199 0.002082
0.709414 0.003386
0.647610 0.002066
0.564430 0.002650
0.831118 0.004235
0.686769 0.001306
0.757572 0.003107
0.749156 0.002072
0.867297 0.003201
0.548191 0.001136
0.687972 0.003379
0.813957 0.007046
0.690999 0.003047
0.741421 0.002767
0.715710 0.002645
0.874596 0.004872
0.883314 0.003341
0.829959 0.004256
0.656713 0.003398
0.672955 0.003596
0.911292 0.004279
0.670767 0.004223
0.737750 0.003414
0.625708 0.001390
0.605270 0.003532
0.702772 0.001711
0.829604 0.003119
0.784610 0.005737
0.696812 0.002790
0.567081 0.002726
0.872990 0.006391
0.574045 0.002034
0.732533 0.004210
0.735434 0.003123
0.755710 0.002093
0.596693 0.004154
0.571441 0.003609
0.631806 0.003115
0.645698 0.003124
0.733450 0.005364
0.771469 0.002170
0.782804 0.004022
0.834803 0.002730
0.830724 0.003443
0.671846 0.003326
0.629293 0.004816
0.810516 0.004847
0.896265 0.005257
0.669378 0.003633
0.833022 0.003326
0.610902 0.001186
0.684071 0.002069
0.837578 0.002533
0.671393 0.004966
0.755908 0.005333
0.810773 0.006547
0.859760 0.003007
0.794831 0.003658
0.753827 0.003386
0.847802 0.005044
0.650463 0.003036
0.693741 0.003470
0.646154 0.003455
0.677579 0.004227
0.848510 0.004031
0.720482 0.005478
0.907697 0.003126
0.618072 0.002705
0.000000 0.003044
0.746339 0.001995
0.655725 0.004169
0.710471 0.004156
0.770193 0.003912
0.696203 0.004119
0.858952 0.004854
0.664622 0.002750
0.795235 0.003043
0.723004 0.003235
0.804397 0.003198
0.814773 0.002017
0.898859 0.003443
0.774079 0.004263
0.682762 0.002637
0.915210 0.002959
0.852332 0.002729
0.682674 0.002057
0.762632 0.003045
0.829819 0.003149
0.779901 0.002554
0.850623 0.005363
0.697447 0.005436
0.714562 0.004786
0.874957 0.005361
0.738249 0.003203
0.770469 0.004934
0.689757 0.003588
0.792750 0.007240
0.723012 0.002140
0.796762 0.003072
0.714765 0.002742
0.732275 0.003473
0.739607 0.003210
0.729058 0.002014
0.603738 0.001615
0.846842 0.005278
0.591300 0.004845
0.830637 0.003143
0.927414 0.003932
0.714415 0.001606
0.852993 0.003205
0.716939 0.003319
0.600115 0.003520
0.770894 0.004932
0.753904 0.003453
0.748238 0.003602
0.568405 0.003334
0.748303 0.001645
0.754990 0.003676
0.490225 0.002038
0.799987 0.002726
0.568050 0.004225
0.765694 0.002754
0.570420 0.006021
0.656838 0.004106
0.766444 0.003372
0.677142 0.002808
0.675038 0.002100
0.776727 0.006178
0.303978 0.002927
0.778571 0.003187
0.000000 0.002969
0.642957 0.004825
0.473674 0.001267
0.784529 0.002052
0.814815 0.005952
0.739397 0.005623
0.753308 0.004159
0.728438 0.006493
0.651182 0.004915
0.800996 0.002029
0.520144 0.004897
0.681416 0.004753
0.692592 0.004821
0.651072 0.003654
0.419567 0.002017
0.636163 0.002053
0.802266 0.002724
0.764651 0.003502
0.736163 0.003460
0.779217 0.003949
0.772157 0.005484
0.724010 0.005400
0.659918 0.005909
0.633260 0.003504
0.435131 0.001283
0.753673 0.001630
0.894904 0.004146
0.759573 0.004160
0.635978 0.003100
0.852530 0.005239
0.382105 0.002052
0.000000 0.002025
0.756698 0.002472
0.748967 0.002776
0.638179 0.001643
0.697113 0.004866
0.788435 0.004885
0.696760 0.003137
0.714323 0.005026
0.806471 0.003341
0.491948 0.004196
0.871818 0.005243
0.661377 0.002934
0.618936 0.003431
0.800037 0.003429
0.823339 0.004201
0.655929 0.003324
0.633454 0.004174
0.758456 0.002744
0.876631 0.006690
0.795590 0.003706
0.778388 0.002108
0.793053 0.006642
0.533060 0.003059
0.662740 0.001675
0.711151 0.004091
0.659284 0.004222
0.750325 0.003085
0.888022 0.005993
0.828639 0.007738
0.556796 0.002779
0.756641 0.005430
0.787481 0.004240
0.727724 0.003369
0.665353 0.004821
0.831949 0.004876
0.866833 0.005016
0.773640 0.006037
0.734955 0.005620
0.741218 0.003106
0.719032 0.005467
0.737825 0.004275
0.603478 0.004139
0.714577 0.002085
0.712001 0.003449
0.842791 0.004928
0.819192 0.004703
0.826540 0.003539
0.829687 0.003218
0.519154 0.003442
0.689455 0.002795
0.648994 0.003490
0.786107 0.003474
0.942660 0.006123
0.731352 0.002783
0.689813 0.005998
0.800553 0.004896
0.650943 0.003326
0.629444 0.004174
0.581045 0.003343
0.578615 0.003063
0.812998 0.003206
0.727238 0.002082
0.643014 0.003428
0.616329 0.003895
0.626320 0.003352
0.637000 0.004188
0.674644 0.008759
0.743322 0.003028
0.741854 0.004982
0.720034 0.003077
0.804456 0.009163
0.689051 0.005309
0.720708 0.007405
0.788027 0.006181
0.819280 0.002995
0.633363 0.006188
0.733605 0.010211
0.609459 0.002714
0.687710 0.004009
0.736994 0.003359
0.694310 0.004905
0.682779 0.006020
0.688905 0.003140
0.683786 0.009203
0.762196 0.006287
0.749475 0.004571
0.735347 0.004061
0.711985 0.009942
0.645052 0.005390
0.677295 0.005735
0.769486 0.005963
0.844441 0.004132
0.807381 0.002742
0.767100 0.008569
0.785405 0.007267
0.759804 0.007927
0.807479 0.005840
0.762929 0.004605
0.682121 0.006191
0.767006 0.005022
0.893066 0.002081
0.839488 0.007218
0.884127 0.004546
0.744346 0.004350
0.740902 0.007064
0.819039 0.004701
0.791724 0.002592
0.783842 0.006351
0.546300 0.008154
0.732055 0.002163
0.857206 0.004135
0.723036 0.003444
0.920405 0.007493
0.722584 0.002804
0.837068 0.005797
0.826737 0.006567
0.766641 0.005662
0.680532 0.004563
0.671876 0.006431
0.591987 0.005492
0.827392 0.006840
0.783078 0.006154
0.893538 0.005038
0.775818 0.005662
0.710875 0.007346
0.817818 0.006954
0.739848 0.002698
0.726932 0.006282
0.766202 0.006604
0.817159 0.004775
0.844542 0.005860
0.688006 0.003462
0.719936 0.003362
0.584221 0.007502
0.832105 0.005231
0.722493 0.004877
0.835025 0.003873
