0.857119 0.009513
0.711498 0.005583
0.778591 0.011485
0.730244 0.011560
0.788506 0.004261
0.706153 0.006931
0.743566 0.015404
0.689164 0.003924
0.937145 0.008733
0.690335 0.005950
0.705361 0.006016
0.718909 0.012231
0.801599 0.006260
0.826961 0.009781
0.804959 0.008312
0.756494 0.010105
0.674394 0.007962
0.815949 0.010019
0.728054 0.008999
0.890500 0.007456
0.871604 0.007867
0.835492 0.006137
0.893058 0.005455
0.866903 0.011686
0.795159 0.008566
0.753959 0.010295
0.762798 0.011303
0.783707 0.007966
0.733342 0.006038
0.875521 0.007991
0.862126 0.003853
0.947010 0.010271
0.908579 0.007166
0.847313 0.004499
0.850541 0.006770
0.858986 0.008662
0.835508 0.002981
0.822711 0.011229
0.609904 0.010437
0.628560 0.004343
0.921165 0.009592
0.831419 0.006442
0.902927 0.007742
0.801994 0.004456
0.834365 0.006149
0.727831 0.008813
0.745569 0.007514
0.720290 0.006134
0.797829 0.008370
0.845502 0.011036
0.915124 0.006667
0.775188 0.007792
0.802165 0.005570
0.893214 0.007947
0.817972 0.012002
0.808741 0.006288
0.839996 0.005467
0.831689 0.009055
0.842595 0.010605
0.925299 0.005454
0.764136 0.007937
0.806407 0.005496
0.755029 0.005497
0.782671 0.008760
0.919100 0.006513
0.908389 0.012176
0.841831 0.008033
0.752715 0.005571
0.801289 0.004161
0.776751 0.005607
0.812039 0.005311
0.691820 0.008232
0.741152 0.002507
0.642620 0.006425
0.775078 0.011827
0.740343 0.009958
0.707340 0.010871
0.677187 0.009597
0.890841 0.007850
0.801381 0.007413
0.862455 0.010917
0.922565 0.011296
0.848543 0.009080
0.881221 0.008993
0.727591 0.012341
0.688163 0.006486
0.767976 0.006548
0.790295 0.008014
0.626320 0.006454
0.699494 0.012888
0.722496 0.005405
0.804468 0.007732
0.754088 0.008613
0.848723 0.008660
0.737268 0.011073
0.798987 0.005516
0.935836 0.006039
0.840537 0.011430
0.892335 0.005502
0.814372 0.011990
0.746651 0.006246
0.691828 0.007931
0.906655 0.010748
0.759983 0.004362
0.836163 0.006473
0.847320 0.012845
0.656229 0.006205
0.693990 0.006463
0.706471 0.010887
0.778856 0.009112
0.804123 0.009568
0.840227 0.008033
0.906839 0.005387
0.741885 0.009074
0.868986 0.010657
0.848936 0.007754
0.860677 0.008714
0.831359 0.007912
0.717813 0.010336
0.897722 0.010051
0.861565 0.008027
0.874641 0.006369
0.636838 0.007548
0.792773 0.007720
0.811281 0.008664
0.737087 0.010389
0.815244 0.007761
0.798555 0.006208
0.733877 0.008690
0.779877 0.009855
0.756640 0.009624
0.742007 0.007495
0.802764 0.005175
0.757518 0.006881
0.841179 0.008263
0.776971 0.009594
0.693305 0.002616
0.769056 0.005999
0.713807 0.010346
0.771339 0.006389
0.821335 0.009887
0.826025 0.005588
0.734552 0.002473
0.779789 0.008241
0.688263 0.009279
0.769864 0.006907
0.808303 0.005467
0.756201 0.002421
0.751856 0.014716
0.807885 0.010987
0.900833 0.009716
0.778354 0.011082
0.620463 0.005541
0.725277 0.007481
0.820914 0.007849
0.792232 0.005985
0.832196 0.007952
0.795749 0.008477
0.925837 0.007342
0.739547 0.008218
0.909836 0.005637
0.820710 0.006359
0.762043 0.006503
0.824526 0.005445
0.791648 0.004164
0.692892 0.004246
0.924906 0.010556
0.763722 0.007786
0.863350 0.007319
0.658734 0.008276
0.809954 0.007445
0.790247 0.005453
0.881728 0.006094
0.768009 0.006457
0.828980 0.007511
0.825250 0.010926
0.845286 0.008904
0.639283 0.009929
0.784969 0.012147
0.729890 0.005121
0.765604 0.019960
0.741536 0.012779
0.716748 0.011703
0.829215 0.010358
0.765581 0.004597
0.707906 0.012222
0.783468 0.010237
0.654881 0.013191
0.897934 0.010283
0.848023 0.003923
0.832097 0.011946
0.851512 0.009683
0.802129 0.006208
0.844013 0.004055
0.650993 0.005537
0.760177 0.009069
0.740190 0.007258
0.830711 0.011863
0.728937 0.007595
0.887411 0.010035
0.800191 0.006368
0.818995 0.004446
0.710764 0.005178
0.651968 0.006468
0.833264 0.009034
0.701563 0.006127
0.854003 0.009151
0.830864 0.012498
0.861591 0.006111
0.705039 0.006357
0.848944 0.003880
0.733540 0.004094
0.753685 0.010488
0.954720 0.011964
0.580280 0.011803
0.818636 0.006344
0.883540 0.006785
0.802261 0.004046
0.845115 0.012294
0.841498 0.009991
0.790256 0.010604
0.811997 0.008265
0.935176 0.009348
0.656874 0.009226
0.724805 0.010545
0.761558 0.005442
0.803248 0.011858
0.794206 0.004009
0.716156 0.005444
0.862813 0.006541
0.865975 0.005455
0.711068 0.013644
0.854440 0.006490
0.968311 0.006488
0.838037 0.006357
0.758380 0.006512
0.787352 0.006392
0.668519 0.006080
0.715968 0.010888
0.741506 0.003939
0.688573 0.005415
0.748076 0.006506
0.814820 0.007780
0.770386 0.006454
0.760526 0.005413
0.909958 0.007771
0.730698 0.003920
0.799853 0.007368
0.818626 0.010756
0.899388 0.008889
0.917874 0.010476
0.868223 0.012973
0.838934 0.010751
0.740415 0.010215
0.691252 0.005266
0.890062 0.009154
0.717896 0.011926
0.779824 0.006604
0.881459 0.006441
0.929644 0.003859
0.763119 0.008915
0.721528 0.005119
0.802489 0.008310
0.912418 0.009502
0.846301 0.009264
0.702623 0.012707
0.757461 0.006484
0.815692 0.006493
0.739078 0.007793
0.887545 0.011627
0.723941 0.005576
0.743710 0.016067
0.858094 0.005653
0.886762 0.008043
0.841607 0.009041
0.686321 0.005413
0.852460 0.009226
0.802866 0.004135
0.939002 0.010704
0.875499 0.010452
0.835447 0.009701
0.798848 0.005456
0.956112 0.010457
0.822704 0.008295
0.711059 0.005291
0.824155 0.006495
0.769951 0.011818
0.772890 0.011917
0.654607 0.014216
0.908084 0.008451
0.867825 0.011647
0.889833 0.014147
0.810053 0.021564
0.679413 0.007727
0.782722 0.007662
0.841013 0.006322
0.923383 0.016175
0.694629 0.006026
0.858816 0.011698
0.755546 0.009275
0.578128 0.007649
0.850274 0.006464
0.919033 0.005474
0.632613 0.003831
0.783881 0.006219
0.725502 0.005939
0.794735 0.009474
0.766661 0.005566
0.909459 0.010378
0.888253 0.011213
0.878169 0.015374
0.770555 0.007762
0.767335 0.005271
0.713096 0.007392
0.670016 0.005440
0.821501 0.010757
0.955725 0.010018
0.863497 0.004187
0.901088 0.008973
1.000019 0.007814
0.759719 0.005526
0.751694 0.008549
0.819924 0.006614
0.745450 0.005702
0.800962 0.008634
0.820468 0.007366
0.968772 0.010570
0.913584 0.007220
0.840493 0.010341
0.867017 0.004089
0.816632 0.005528
0.961004 0.014405
0.830182 0.006484
0.839631 0.007342
0.891318 0.006243
0.691252 0.002350
0.852672 0.012828
0.914814 0.006185
0.782101 0.006093
0.850919 0.007462
0.767130 0.006417
0.692065 0.005646
0.740138 0.008984
0.702747 0.007863
0.843193 0.004302
0.774101 0.009169
0.761756 0.006478
0.876355 0.006086
0.703245 0.002380
0.731952 0.005441
0.805874 0.004210
0.784974 0.003947
0.827515 0.005411
0.726501 0.008733
0.801853 0.007708
0.761262 0.005391
0.807666 0.007133
0.894982 0.011665
0.711532 0.008660
0.666969 0.006034
0.513801 0.008950
0.783205 0.002479
0.693465 0.005555
0.716944 0.014302
0.780806 0.010356
0.921038 0.007473
0.825379 0.012458
0.857146 0.011688
0.760042 0.008501
0.680506 0.006901
0.726620 0.005607
0.835889 0.009578
0.850863 0.012218
0.922860 0.012752
0.778278 0.009171
0.822391 0.006433
0.855300 0.009292
0.771373 0.009738
0.697816 0.005251
0.728967 0.006252
0.727361 0.012229
0.937450 0.011608
0.829033 0.007759
0.772149 0.006081
0.779136 0.004012
0.805328 0.010597
0.782136 0.007914
0.746021 0.002433
0.856715 0.007406
0.796066 0.006908
0.658579 0.006354
0.809637 0.008697
0.803239 0.007409
0.730952 0.010350
0.779760 0.007124
0.774048 0.010442
0.895930 0.011092
0.879654 0.005324
0.826303 0.003802
0.890580 0.011568
0.782013 0.009213
0.775341 0.015364
0.802010 0.006206
0.821392 0.010408
0.847523 0.002553
0.769650 0.006012
0.850545 0.010862
0.860806 0.007432
0.723867 0.005538
0.824403 0.011644
0.810992 0.010221
0.849836 0.008370
0.777165 0.006618
0.828830 0.003704
0.958755 0.005460
0.867038 0.006124
0.796898 0.004426
0.647045 0.011809
0.790610 0.010658
0.909791 0.013045
0.613155 0.007495
0.876624 0.007025
0.821104 0.010982
0.672227 0.005196
0.859022 0.007896
0.763715 0.011823
0.748666 0.007489
0.809137 0.005667
0.701695 0.004122
0.814878 0.005487
0.642211 0.004112
0.778135 0.007222
0.860731 0.010437
0.777602 0.011126
0.856475 0.012463
0.883778 0.009571
0.766310 0.006441
0.791547 0.005267
0.855206 0.006904
0.810269 0.006072
0.825392 0.006806
0.856932 0.007866
0.708039 0.007601
0.839349 0.007960
0.824501 0.005539
0.731485 0.004515
0.681795 0.007383
0.752209 0.008986
0.762757 0.006692
0.761465 0.005305
0.792625 0.011645
0.793632 0.006399
0.769997 0.009200
0.667999 0.006558
0.806296 0.006394
0.792654 0.009061
0.864752 0.008398
0.847763 0.007213
0.811486 0.004133
0.710846 0.009222
0.895649 0.009423
0.718242 0.011770
0.707865 0.008800
0.714443 0.009477
0.788573 0.007727
0.922786 0.004046
0.891848 0.009926
0.757236 0.002391
0.766715 0.004217
0.873731 0.008980
0.629259 0.008938
0.857568 0.010562
0.598980 0.007673
0.753383 0.006009
0.896809 0.006475
0.956107 0.010823
0.805759 0.002554
0.764926 0.007693
0.797122 0.006323
0.845077 0.010467
0.644954 0.007060
0.805254 0.006371
0.842577 0.006029
0.831043 0.006463
0.798670 0.009705
0.668455 0.003901
0.819715 0.006983
0.835049 0.005562
0.815802 0.012698
0.943987 0.005491
0.842558 0.007407
0.814304 0.007762
0.682939 0.007838
0.823827 0.011211
0.814765 0.008907
0.880289 0.004279
0.780840 0.011727
0.941575 0.009202
0.744183 0.007998
0.749646 0.004199
0.842197 0.007847
0.870158 0.005287
0.815019 0.004607
0.710364 0.005525
0.621019 0.010211
0.731371 0.006144
0.738085 0.002491
0.767236 0.009030
0.671838 0.006132
0.782330 0.011977
0.809817 0.002377
0.773752 0.006113
0.803360 0.006026
0.796016 0.013464
0.767286 0.005538
0.818000 0.007323
0.733406 0.007958
0.806365 0.010740
0.776840 0.012124
0.809709 0.006049
0.752176 0.011903
0.796753 0.007111
0.772833 0.007362
0.725735 0.005750
0.880137 0.005292
0.894071 0.009279
0.885464 0.007790
0.749044 0.004121
0.737763 0.005492
0.764421 0.005436
0.831360 0.007584
0.711629 0.008491
0.661934 0.013261
0.849280 0.006501
0.800722 0.008046
0.905729 0.011220
0.743194 0.010237
0.836764 0.009087
0.882208 0.005486
0.796311 0.005471
0.834708 0.008075
0.830068 0.007868
0.720564 0.010353
0.615806 0.009049
0.843817 0.011522
0.825704 0.009624
0.901402 0.010244
0.858489 0.009106
0.778115 0.005196
0.675555 0.005527
0.650427 0.006195
0.818472 0.005640
0.840993 0.006051
0.699390 0.006457
0.821418 0.006338
0.909892 0.010734
0.876706 0.004071
0.756768 0.006503
0.749766 0.014538
0.867105 0.005181
0.804538 0.004433
0.761622 0.008264
0.855627 0.006078
0.801566 0.005177
0.863811 0.005457
0.679586 0.007858
0.582161 0.011940
0.746055 0.005549
0.704183 0.010328
0.875343 0.009064
0.846673 0.007235
0.798922 0.003906
0.882930 0.007100
0.734806 0.004400
0.798531 0.009928
0.728491 0.011074
0.816860 0.013397
0.864571 0.007858
0.835354 0.007907
0.870450 0.005603
0.944868 0.008628
0.722730 0.007979
0.761490 0.004001
0.762589 0.010494
0.792534 0.011018
0.667434 0.005947
0.738963 0.014223
0.801060 0.008772
0.695758 0.007875
0.922702 0.009325
0.811884 0.005421
0.767630 0.005497
0.842920 0.006091
0.749659 0.007040
0.864032 0.006567
0.799523 0.012219
0.778399 0.004099
0.884838 0.007613
0.790531 0.005389
0.810439 0.005480
0.746032 0.004493
0.735817 0.006440
0.825366 0.009925
0.833345 0.007813
0.853165 0.002417
0.784335 0.004155
0.783609 0.006390
0.823592 0.008212
0.797869 0.006438
0.811424 0.010217
0.697021 0.010352
0.774327 0.010521
0.778762 0.006231
0.543679 0.009761
0.707917 0.006388
0.836056 0.003972
0.756586 0.005305
0.925877 0.007886
0.879379 0.005454
0.759502 0.007709
0.803186 0.005615
0.934858 0.005200
0.820868 0.011142
0.767009 0.011925
0.899331 0.010334
0.849181 0.005608
0.567812 0.006012
0.770389 0.005579
0.784511 0.002391
0.714732 0.006335
0.772122 0.008662
0.712108 0.011590
0.843062 0.006077
0.639580 0.010474
0.669681 0.007252
0.732878 0.010310
0.967144 0.007798
0.700921 0.005529
0.839574 0.004047
0.798804 0.006627
0.717041 0.002366
0.806009 0.005945
0.691489 0.012145
0.901208 0.011657
0.842114 0.007663
0.799237 0.007479
0.865951 0.013268
0.989875 0.012642
0.814364 0.008048
0.882312 0.010412
0.724062 0.005524
0.824706 0.005363
0.984151 0.009601
0.817139 0.006117
0.731106 0.010168
0.721677 0.013296
0.636173 0.005406
0.692135 0.004088
0.720194 0.011575
0.849552 0.008468
0.665298 0.013889
0.663756 0.013022
0.820096 0.006263
0.800550 0.005466
0.749899 0.009368
0.822810 0.006735
0.787970 0.006945
0.787750 0.006036
0.810895 0.006960
0.846872 0.005416
0.763936 0.006447
0.638779 0.005546
0.956117 0.007586
0.819560 0.009043
0.653663 0.006909
0.674897 0.004562
0.807088 0.008013
0.785118 0.006287
0.759002 0.005511
0.598181 0.005483
0.733238 0.004428
0.686130 0.007093
0.789108 0.009864
0.861772 0.010040
0.783639 0.007304
0.674765 0.016110
0.850952 0.006512
0.800211 0.005991
0.854733 0.007371
0.805419 0.004493
0.874860 0.006005
0.782724 0.007953
0.679930 0.003801
0.938475 0.007689
0.715311 0.006137
0.927004 0.012899
0.882756 0.007477
0.840874 0.005249
0.899222 0.005443
0.845865 0.008610
0.753311 0.005276
0.820028 0.008750
0.719883 0.003993
0.798434 0.012881
0.678962 0.007618
0.774689 0.007691
0.867164 0.008124
0.714800 0.006605
0.809862 0.006333
0.747975 0.005486
0.696092 0.007278
0.833151 0.006535
0.669071 0.007795
0.688383 0.003978
0.792315 0.005435
0.852966 0.012836
0.800934 0.011908
0.793935 0.007797
0.754738 0.007755
0.800610 0.005877
0.740201 0.006534
0.854394 0.006270
0.787444 0.005493
0.748475 0.002429
0.893835 0.009572
0.840639 0.008881
0.768227 0.004055
0.865422 0.007871
0.744508 0.009084
0.760887 0.010271
0.711783 0.007399
0.813941 0.006093
0.858442 0.006797
0.742459 0.008256
0.806066 0.005997
0.845468 0.005385
0.766559 0.007836
0.826762 0.003921
0.654354 0.011688
0.790410 0.010477
0.900717 0.005401
0.860082 0.009953
0.642870 0.012491
0.817211 0.007799
0.675368 0.004368
0.853996 0.009184
0.780781 0.008919
0.785901 0.014015
0.748285 0.009155
0.739666 0.005232
0.940692 0.015436
0.794804 0.007778
0.853754 0.005263
0.746971 0.005419
0.779263 0.003891
0.874792 0.006141
0.807110 0.009053
0.490748 0.008182
0.728310 0.007878
0.760134 0.003869
0.892549 0.007594
0.808578 0.005409
0.814308 0.006435
0.851728 0.010211
0.785955 0.009089
0.850540 0.006158
0.720988 0.002397
0.700205 0.007820
0.849957 0.009346
0.731396 0.008573
0.744310 0.006339
0.903078 0.005457
0.712916 0.006166
0.781578 0.002469
0.806522 0.002348
0.861866 0.011764
0.788330 0.005393
0.833174 0.005508
0.696172 0.009027
0.768443 0.005212
0.786736 0.006267
0.731042 0.012839
0.727412 0.003991
0.930600 0.004056
0.790059 0.007906
0.718313 0.010664
0.816423 0.003976
0.817953 0.013691
0.714043 0.003852
0.716333 0.006126
0.643261 0.005214
0.797775 0.002787
0.783116 0.006432
0.699174 0.009445
0.857668 0.007393
0.688738 0.007766
0.746447 0.014215
0.809804 0.006470
0.895765 0.007352
0.822155 0.009463
0.891934 0.006513
0.728189 0.012187
0.871308 0.012508
0.769620 0.005656
0.764074 0.006971
0.735257 0.005291
0.716849 0.006937
0.934377 0.006139
0.811917 0.003983
0.790319 0.008791
0.773854 0.006439
0.890367 0.006195
0.843805 0.011891
0.841708 0.005498
0.832421 0.005618
0.924032 0.005450
0.772447 0.008035
0.769485 0.007393
0.783667 0.005461
0.853135 0.007942
0.908391 0.008041
0.813638 0.005568
0.720735 0.009127
0.698925 0.006215
0.662064 0.005446
0.752496 0.007756
0.780426 0.011550
0.799665 0.007722
0.824264 0.009516
0.837000 0.002585
0.787163 0.004184
0.756087 0.005599
0.877348 0.007731
0.827612 0.008069
0.824585 0.004110
0.788465 0.006382
0.929014 0.011018
0.804021 0.005229
0.876424 0.006385
0.642379 0.008899
0.750246 0.007586
0.915634 0.007191
0.770634 0.009906
0.936107 0.006365
0.901861 0.007453
0.693659 0.006174
0.761055 0.012567
0.903055 0.006974
0.780322 0.005415
0.638957 0.005555
0.799724 0.010338
0.739657 0.005629
0.714407 0.008994
0.846963 0.006509
0.730198 0.006680
0.653040 0.004085
0.779316 0.006039
0.703741 0.003823
0.715909 0.005239
0.826441 0.005852
0.896908 0.011157
0.903377 0.005465
0.789592 0.011785
0.770138 0.003824
0.863899 0.005568
0.869237 0.006738
0.849053 0.011297
0.765451 0.009130
0.669605 0.005510
0.874023 0.009088
0.861873 0.003818
0.850356 0.013197
0.867846 0.005587
0.746382 0.011899
0.692721 0.003941
0.940871 0.009242
0.791905 0.014842
0.814683 0.002480
0.749918 0.006983
0.669920 0.008948
0.680612 0.009154
0.909927 0.007957
0.914900 0.006566
0.750614 0.005580
0.803916 0.011597
0.802965 0.009463
0.730091 0.008919
0.705725 0.005245
0.819359 0.005573
0.795877 0.008498
0.725525 0.008361
0.663640 0.002281
0.853813 0.011656
0.762129 0.008716
0.856999 0.008742
0.807219 0.008651
0.883124 0.006974
0.640321 0.002506
0.897851 0.005475
0.852532 0.006410
0.748997 0.005148
0.810210 0.012127
0.820499 0.010244
0.764287 0.008331
0.885700 0.010061
0.822959 0.005560
0.697407 0.010744
0.781834 0.005515
0.779548 0.006383
0.749693 0.007896
0.932479 0.005943
0.702724 0.007956
0.690936 0.005324
0.856807 0.002399
0.805206 0.009392
0.770315 0.006598
0.710690 0.005489
0.729148 0.003958
0.619542 0.013283
0.764311 0.006155
0.706625 0.002482
0.601373 0.011891
0.791478 0.006735
0.910558 0.006386
0.799917 0.008828
0.738226 0.002405
0.721543 0.014311
0.895322 0.010720
0.878596 0.007440
0.758294 0.009909
0.752398 0.006563
0.822373 0.006048
0.725467 0.006783
0.722570 0.006384
0.857176 0.007761
0.775073 0.003765
0.915155 0.012369
0.893403 0.009282
0.759756 0.005492
0.817739 0.005689
0.851548 0.010359
0.709964 0.006368
0.717492 0.012046
0.849847 0.005495
0.846202 0.011658
0.844379 0.007430
0.933370 0.009780
0.818343 0.005422
0.895027 0.006318
0.795740 0.006063
0.712610 0.005952
0.842845 0.005076
0.722361 0.009434
0.676899 0.009033
0.678829 0.004055
0.752682 0.006598
0.851019 0.005148
0.789901 0.003980
0.804488 0.006496
0.851978 0.011825
0.875282 0.006250
0.709369 0.005568
0.872411 0.012147
0.815493 0.008437
0.745636 0.004136
0.670258 0.009922
0.923277 0.005440
0.805419 0.006411
0.871021 0.010786
0.830301 0.010369
0.808474 0.007800
0.723650 0.010525
0.838656 0.015800
0.878890 0.009841
0.674077 0.006107
0.714093 0.005940
0.728282 0.006742
0.914803 0.010602
0.827974 0.008649
0.839122 0.003782
0.773405 0.005219
0.745622 0.006375
0.893093 0.007112
0.865372 0.007993
0.764372 0.009791
0.761324 0.007479
0.731464 0.009355
0.863285 0.004147
0.880284 0.003886
0.799183 0.012123
0.830199 0.006423
0.719228 0.005456
0.874562 0.008218
0.786480 0.015596
0.910155 0.010197
0.848473 0.006362
0.807741 0.003977
0.683738 0.008053
0.827391 0.006540
0.800922 0.005622
0.887843 0.006508
0.883417 0.006697
0.795652 0.009058
0.820638 0.008590
0.795602 0.005477
0.760438 0.006341
0.751905 0.010159
0.873183 0.004035
0.731488 0.010901
0.825522 0.011693
0.708977 0.006425
0.801450 0.007984
0.746787 0.005506
0.698581 0.006706
0.741802 0.005531
0.952985 0.006909
0.752999 0.005335
0.912824 0.007478
0.827688 0.006713
0.737689 0.006225
0.736750 0.009253
0.720394 0.013315
0.709619 0.004144
0.778297 0.006081
0.979194 0.007898
0.861473 0.010498
0.865770 0.006491
0.830610 0.005551
0.708640 0.014435
0.844089 0.006847
0.775684 0.004030
0.764728 0.007953
0.855379 0.009099
0.791060 0.006273
0.909194 0.003713
0.777089 0.003837
0.802619 0.012784
0.787973 0.005362
0.821246 0.006199
0.758428 0.009824
0.743105 0.011941
0.920190 0.005207
0.867161 0.007729
0.882128 0.012599
0.729096 0.011821
0.789964 0.010500
0.722740 0.007838
0.662540 0.008965
0.800021 0.005867
0.743198 0.010157
0.879324 0.009511
0.919615 0.006738
0.801527 0.005977
0.712353 0.004279
0.760795 0.005397
0.770856 0.007062
0.833824 0.005133
0.888634 0.007873
0.820234 0.004128
0.605760 0.010129
0.856864 0.012460
0.787741 0.011021
0.827843 0.006758
0.710466 0.002396
0.786651 0.007879
0.695790 0.007020
0.932963 0.007398
0.877800 0.013127
0.745121 0.011160
0.850459 0.011601
0.835298 0.009985
0.910712 0.006538
0.825055 0.007765
0.690484 0.012237
0.886613 0.006552
0.883136 0.003855
0.700675 0.008153
0.845638 0.003802
0.847965 0.006671
0.744961 0.010437
0.844266 0.013522
0.674046 0.009232
0.757965 0.006392
0.751018 0.005125
0.801145 0.009726
0.749286 0.006702
0.836294 0.009527
0.900343 0.008879
0.724740 0.011336
0.834601 0.004113
0.632949 0.005339
0.730532 0.005537
0.736542 0.012241
0.855449 0.006394
0.844152 0.005235
0.851502 0.006144
0.856890 0.012887
0.751687 0.005599
0.825546 0.006697
0.799551 0.006013
0.864448 0.011875
0.710237 0.006522
0.760990 0.004124
0.740783 0.007934
0.841278 0.009343
0.823765 0.008368
0.858109 0.008315
0.820585 0.006757
0.598692 0.005994
0.814544 0.006635
0.822317 0.008277
0.808555 0.010358
0.817851 0.006330
0.832839 0.009075
0.720866 0.010272
0.848724 0.007615
0.844717 0.010791
0.738272 0.005271
0.859214 0.004069
0.730098 0.005993
0.632201 0.015735
0.872197 0.010900
0.693873 0.009920
0.727605 0.006056
0.781621 0.003797
0.788924 0.011805
0.758204 0.010092
0.722594 0.011801
0.864026 0.008594
0.879004 0.004247
0.797593 0.004410
0.795690 0.007498
0.774485 0.007815
0.861152 0.003949
0.797604 0.010075
0.738900 0.006350
0.785755 0.006308
0.724252 0.007884
0.691085 0.008012
0.863305 0.012045
0.797300 0.006451
0.683247 0.005444
0.848675 0.007278
0.867519 0.007650
0.736434 0.004271
0.604046 0.005936
0.000000 0.011361
0.781080 0.003727
0.823270 0.009079
0.898159 0.012233
0.800761 0.005433
0.832132 0.007355
0.825419 0.008009
0.808261 0.007892
0.916549 0.007921
0.890991 0.005237
0.762052 0.006018
0.819489 0.007957
0.823855 0.006190
0.876654 0.007765
0.715910 0.005256
0.863663 0.006294
0.905060 0.007287
0.852805 0.006510
0.694949 0.011749
0.841400 0.013478
0.998785 0.010006
0.772966 0.008979
0.899252 0.003973
0.860807 0.005007
0.698281 0.009581
0.798650 0.005634
0.873793 0.005524
0.609575 0.003966
0.803770 0.008073
0.740670 0.005602
0.825214 0.009049
0.820243 0.009120
0.833664 0.008456
0.751450 0.003921
0.851073 0.007848
0.859315 0.010628
0.725123 0.006162
0.822815 0.004111
0.678860 0.008102
0.792574 0.006113
0.786839 0.007907
0.828915 0.005509
0.758740 0.010128
0.852407 0.006175
0.870099 0.005593
0.797196 0.011515
0.756668 0.008055
0.816475 0.009004
0.915141 0.008958
0.731524 0.005215
0.864711 0.011998
0.776225 0.008573
0.726239 0.009920
0.828628 0.005614
0.785610 0.010812
0.723984 0.005529
0.892930 0.007782
0.778397 0.014063
0.806357 0.005452
0.776061 0.011572
0.784584 0.005367
0.769961 0.004219
0.869515 0.015445
0.837227 0.005630
0.858896 0.002461
0.838609 0.011558
0.792731 0.010837
0.588596 0.006534
0.827164 0.005200
0.757988 0.013640
0.905512 0.013246
0.717214 0.005933
0.723716 0.005513
0.825435 0.010732
0.816562 0.010367
0.832420 0.007986
0.807416 0.004073
0.834350 0.008227
0.773670 0.006092
0.780039 0.009883
0.855117 0.004143
0.677513 0.006283
0.748566 0.011024
0.845148 0.009144
0.714382 0.006477
0.786909 0.010135
0.847273 0.011662
0.740711 0.002405
0.848014 0.007860
0.822540 0.009866
0.770762 0.011919
0.829385 0.006103
0.720256 0.005529
0.659327 0.007839
0.754566 0.006679
0.662769 0.008803
0.862578 0.006022
0.642733 0.005475
0.802816 0.005653
0.871583 0.010037
0.781229 0.008457
0.807907 0.006223
0.878651 0.009708
0.739282 0.005472
0.752391 0.010215
0.726709 0.004105
0.874760 0.012930
0.771434 0.008396
0.739052 0.012062
0.790766 0.011132
0.840525 0.009283
0.899643 0.007562
0.743709 0.005301
0.632242 0.004058
0.634909 0.004452
0.708372 0.010320
0.833414 0.006186
0.808628 0.010591
0.877613 0.009840
0.828950 0.005560
0.729117 0.009096
0.695892 0.006054
0.852338 0.006396
0.788751 0.007691
0.775576 0.011803
0.754594 0.005698
0.818879 0.005569
0.711503 0.008298
0.769678 0.015389
0.657014 0.012992
0.674091 0.011956
0.788844 0.011353
0.753784 0.010418
0.343801 0.012023
0.345857 0.010475
0.746721 0.018000
0.746066 0.017772
0.909942 0.011249
0.675817 0.009618
0.569956 0.007902
0.833627 0.010514
0.771723 0.012929
0.786759 0.005307
0.727295 0.010483
0.688219 0.008198
0.784029 0.007815
0.771661 0.007972
0.248885 0.010166
0.784593 0.014496
0.868731 0.013948
0.869100 0.014410
0.704630 0.015855
0.800556 0.014062
0.791062 0.012856
0.804010 0.013262
0.709145 0.010598
0.825994 0.012569
0.777472 0.009667
0.819358 0.008950
0.840244 0.011221
0.804877 0.011563
0.840166 0.012294
0.939895 0.008871
0.605022 0.009621
0.768385 0.007338
0.756192 0.008457
0.697579 0.007757
0.775705 0.012344
0.833368 0.011489
0.751522 0.004279
0.756662 0.016623
0.664466 0.011065
0.723237 0.011769
0.714187 0.009804
0.718672 0.010882
0.722578 0.012279
0.613223 0.010992
0.803101 0.011471
0.613176 0.010672
0.776681 0.018621
0.709917 0.011448
0.744554 0.011104
0.946338 0.011390
0.797066 0.011848
0.763046 0.014532
0.379299 0.010196
0.507921 0.005385
0.864383 0.014395
0.883730 0.016345
0.871484 0.010953
0.704327 0.012519
0.821782 0.017991
0.408155 0.014539
0.752886 0.012372
0.398939 0.007690
0.557305 0.005441
0.728101 0.012276
0.599239 0.006009
0.580291 0.008843
0.548339 0.005364
0.821735 0.011763
0.595403 0.009613
0.694808 0.015613
0.832701 0.012091
0.798561 0.011900
0.820448 0.007273
0.677382 0.013297
0.669547 0.010944
0.717278 0.012933
0.706042 0.011453
0.852910 0.013911
0.748815 0.017901
0.693786 0.007859
0.704951 0.013408
0.712975 0.009684
0.014651 0.008802
0.794278 0.012010
0.415281 0.006342
0.837760 0.006767
0.794223 0.013502
0.786896 0.014030
0.777522 0.012146
0.714244 0.011737
0.710011 0.006026
0.759219 0.007881
0.710060 0.016916
0.578642 0.003836
0.801992 0.012166
0.754311 0.003784
0.813246 0.006257
0.658198 0.008117
0.674397 0.006138
0.774132 0.010024
0.790628 0.014379
0.640848 0.012973
0.630322 0.010259
0.707301 0.006484
0.806763 0.011271
0.877723 0.010928
0.666378 0.013772
0.389777 0.015177
0.753279 0.010712
0.866689 0.007582
0.795331 0.008643
0.830723 0.012963
0.732494 0.015207
0.654477 0.019335
0.948702 0.020579
0.736452 0.009622
0.881327 0.018684
0.750236 0.014343
0.734689 0.012498
0.838557 0.017246
0.759287 0.013510
0.778430 0.010638
0.342054 0.007245
0.836402 0.009383
0.785000 0.012899
0.693651 0.014402
0.395661 0.007788
0.729237 0.011855
0.768500 0.012880
0.725199 0.011766
0.452792 0.009860
0.793183 0.009177
0.754010 0.018087
0.675436 0.004743
0.841865 0.018472
0.744226 0.010953
0.744351 0.012017
0.586043 0.007874
0.713102 0.011414
0.375999 0.008536
0.819979 0.009742
0.643584 0.019200
0.797914 0.012028
0.780173 0.020524
0.634281 0.011216
0.669827 0.021937
0.757385 0.016750
0.711276 0.024100
0.385292 0.009256
0.750597 0.007221
0.725262 0.009529
0.757666 0.010105
0.711451 0.009508
0.727836 0.012394
0.746352 0.016185
0.516407 0.014996
0.638048 0.007679
0.735146 0.009592
0.517948 0.006414
0.731448 0.012034
0.882036 0.011728
0.767915 0.008594
0.784536 0.012399
0.710663 0.029066
0.822773 0.013879
0.733540 0.008600
0.711631 0.010605
0.810990 0.007777
0.830022 0.017191
0.823018 0.011803
0.239882 0.009051
0.361045 0.013643
0.890530 0.010211
0.772012 0.008194
0.855063 0.008705
0.723356 0.011022
0.509958 0.006654
0.804886 0.011404
0.581272 0.006876
0.850186 0.009062
0.692546 0.017616
0.717123 0.014538
0.601091 0.008537
0.801720 0.011675
0.814026 0.005981
0.796351 0.006391
0.594441 0.003845
0.767443 0.007794
0.685589 0.007773
0.900718 0.011372
0.770909 0.008558
0.738354 0.008826
0.398444 0.008571
0.807906 0.017696
0.755923 0.009105
0.753292 0.014338
0.782518 0.009008
0.823478 0.011558
0.693642 0.007852
0.578953 0.008300
0.627856 0.013817
0.561432 0.007570
0.814506 0.024289
0.832620 0.009668
0.673908 0.004257
0.339259 0.010527
0.798775 0.010685
0.659735 0.014970
0.821139 0.030139
0.742580 0.024253
0.649501 0.007593
0.737003 0.029765
0.468118 0.006007
0.867595 0.014989
0.635229 0.008821
0.243504 0.009377
0.836187 0.006830
0.746062 0.010782
0.698152 0.016047
0.840569 0.002522
0.363102 0.005487
0.821083 0.012002
0.728114 0.006563
0.562365 0.005455
0.777121 0.008618
0.709441 0.011086
0.664255 0.025816
0.707657 0.015229
0.631689 0.014820
0.810356 0.015063
0.587247 0.014668
0.844854 0.017688
0.684147 0.006154
0.662185 0.008830
0.679159 0.014333
0.857478 0.012509
0.784593 0.007982
0.846283 0.013316
0.595248 0.005993
0.705858 0.010818
0.644529 0.004406
0.715730 0.007387
0.716882 0.011079
0.663842 0.012890
0.683645 0.010473
0.805437 0.015738
0.926886 0.009158
0.656910 0.008369
0.789089 0.015862
0.638134 0.002379
0.801267 0.006440
0.806939 0.012410
0.797807 0.009663
0.825337 0.011912
0.824243 0.005506
0.811246 0.011248
0.914260 0.009028
0.819269 0.007346
0.688549 0.011901
0.687615 0.014284
0.762333 0.019750
0.753183 0.013017
0.625871 0.007523
0.740733 0.012282
0.739376 0.006563
0.697258 0.005226
0.716383 0.012937
0.865705 0.017137
0.560500 0.010094
0.719116 0.015907
0.557191 0.006277
0.676047 0.009490
0.714588 0.012521
0.713196 0.012935
0.164317 0.014022
0.723729 0.015085
0.835779 0.008737
0.600361 0.007735
0.801475 0.014057
0.806659 0.013335
0.832561 0.013998
0.846742 0.008263
0.858699 0.009757
0.846291 0.014773
0.745416 0.010933
0.455730 0.010780
0.727295 0.006138
0.846457 0.014249
0.887162 0.008356
0.832994 0.007773
0.954414 0.016198
0.906121 0.010205
0.867627 0.012107
0.946872 0.011427
0.781216 0.009047
0.793463 0.007628
0.828833 0.013400
0.940971 0.011868
0.760860 0.009782
0.791006 0.008428
0.865891 0.011799
0.916177 0.014380
0.853596 0.012971
0.789456 0.011693
0.760949 0.009773
0.776108 0.009186
0.604516 0.012727
0.871925 0.008483
0.847587 0.016511
0.809047 0.013094
0.843017 0.009089
0.829999 0.008079
0.669411 0.005143
0.966098 0.007623
0.766016 0.007392
0.740939 0.007165
0.817377 0.016752
0.979742 0.007837
0.920186 0.012134
0.855348 0.014943
0.742914 0.009186
0.549322 0.010802
0.817793 0.009449
0.839586 0.009759
0.808586 0.013092
0.886337 0.015805
0.915141 0.010957
0.696744 0.009532
0.805172 0.014300
0.743143 0.010852
0.909298 0.009589
0.980263 0.014485
0.833138 0.012929
0.850073 0.014421
0.804810 0.006116
0.681704 0.010136
0.901422 0.016599
0.667054 0.008129
0.870234 0.007711
0.807379 0.012940
0.882334 0.008819
0.830745 0.005421
0.815337 0.008902
0.921557 0.013449
0.796956 0.010286
0.827243 0.005529
0.896000 0.016830
0.835882 0.007984
0.758701 0.005533
0.935752 0.010432
0.935941 0.016049
0.822491 0.012629
0.652747 0.008001
0.950992 0.016866
0.957733 0.011537
0.758199 0.005436
0.885969 0.007901
0.595118 0.008189
0.500915 0.008842
0.813473 0.011670
0.793268 0.013896
0.944986 0.010160
0.869025 0.014331
0.628566 0.013585
0.698840 0.006227
0.862362 0.009626
0.678305 0.010610
0.676077 0.006271
0.808920 0.007883
0.761437 0.007752
0.858367 0.006000
0.767764 0.006133
0.913143 0.009210
0.524818 0.009360
0.881584 0.005988
0.837896 0.008965
0.911195 0.014111
0.761349 0.015083
0.817783 0.014047
0.864887 0.016347
0.822534 0.012161
0.924242 0.013130
0.624806 0.007902
0.696572 0.006110
0.662143 0.012531
0.571867 0.008025
0.855104 0.009541
0.908231 0.010484
0.821547 0.008014
0.819607 0.009227
0.877040 0.013251
0.817935 0.007751
0.866175 0.009042
0.797946 0.013100
0.920489 0.009174
0.899801 0.013109
0.838981 0.011898
0.900792 0.009712
0.886712 0.008831
0.734325 0.007959
0.839326 0.010312
0.867125 0.007747
0.740611 0.015302
0.812466 0.009503
0.944215 0.005208
0.931279 0.010815
0.736824 0.011873
0.887020 0.011664
0.910049 0.010926
0.868129 0.007235
0.825038 0.010302
0.852718 0.010726
0.966778 0.010656
0.912840 0.015681
0.888349 0.009096
0.834715 0.009516
0.642821 0.010530
0.831408 0.010998
0.920913 0.005986
0.896202 0.011558
0.846865 0.013870
0.930194 0.019328
0.822021 0.007951
0.832622 0.008405
0.767750 0.007858
0.945710 0.012832
0.899762 0.014373
0.941326 0.013286
0.794183 0.006474
0.894992 0.015303
0.913077 0.014742
0.939932 0.010271
0.902681 0.010654
0.769431 0.012115
0.831465 0.006634
0.797290 0.011138
0.991425 0.007881
0.965659 0.017204
0.788291 0.010144
0.964721 0.006136
0.833851 0.013781
0.844949 0.014382
0.876234 0.014567
0.850345 0.008979
0.854494 0.018693
0.841116 0.012943
0.798561 0.006114
0.840626 0.013347
0.775723 0.005567
0.836954 0.011848
0.840178 0.011157
0.905487 0.013535
0.930502 0.015910
0.786995 0.014064
0.669135 0.009220
0.769177 0.011272
0.809172 0.015525
0.894460 0.012952
0.873410 0.009930
0.780521 0.005515
0.800933 0.011126
0.730524 0.006331
0.840957 0.008670
0.953462 0.010293
0.794440 0.013473
0.830064 0.013856
0.856917 0.014814
0.922591 0.010744
0.900247 0.013696
0.944694 0.014832
0.837756 0.006646
0.914303 0.015960
0.921394 0.015084
0.970581 0.010967
0.735939 0.012782
0.612894 0.005230
0.277836 0.011694
0.884775 0.006007
0.810683 0.007958
0.821617 0.009231
0.811808 0.003871
0.474861 0.007926
0.893867 0.013575
0.772711 0.006336
0.819464 0.009053
0.879707 0.009379
0.948679 0.009508
0.989800 0.014152
0.892508 0.008337
0.885418 0.006402
0.866896 0.012288
0.838535 0.006014
0.822529 0.006500
0.871148 0.014636
0.906042 0.013280
0.894585 0.014730
0.895172 0.013635
0.941174 0.010726
0.778709 0.003820
0.839562 0.007766
0.767869 0.009432
0.805742 0.011279
0.923847 0.012916
0.914460 0.008899
0.929884 0.009166
0.931730 0.014484
0.937773 0.011503
0.918582 0.010540
0.877945 0.011047
0.755936 0.012046
0.772797 0.011054
0.585585 0.006039
0.860052 0.011762
0.729963 0.009109
0.812049 0.010922
0.715966 0.011703
0.812031 0.009415
0.860330 0.006443
0.240495 0.012129
0.847109 0.014555
0.808248 0.013135
0.741256 0.007782
0.685385 0.009104
0.496341 0.007089
0.849209 0.008137
0.868553 0.009380
0.808672 0.012597
0.809051 0.010749
0.941882 0.010036
0.782445 0.010790
0.911373 0.012399
0.929717 0.015168
0.928406 0.012953
0.780306 0.005320
0.855651 0.011109
0.860538 0.014742
0.850523 0.018261
0.806625 0.012510
0.875238 0.013980
0.941569 0.011811
0.845987 0.006127
0.802073 0.006440
0.861241 0.016400
0.861668 0.008388
0.687256 0.006382
0.748468 0.014406
0.763297 0.007843
0.938674 0.015282
0.853789 0.011728
0.837787 0.006333
0.863423 0.016321
0.781909 0.009074
0.782075 0.014156
0.857806 0.013675
0.707212 0.010437
0.873252 0.013121
0.710179 0.010296
0.706796 0.012832
0.636468 0.008192
0.857271 0.016978
0.786979 0.011997
0.848012 0.012726
0.728434 0.011857
0.807860 0.012507
0.734596 0.012181
0.779467 0.009292
0.768658 0.014626
0.634234 0.014449
0.586835 0.010785
0.834528 0.009275
0.266837 0.008227
0.855111 0.008763
0.328176 0.009372
0.770036 0.010543
0.840670 0.016170
0.815171 0.020308
0.733414 0.011899
0.893511 0.007573
0.785076 0.010265
0.662957 0.013006
0.745224 0.010485
0.813824 0.008586
0.763378 0.010553
0.741345 0.017678
0.827319 0.010365
0.611825 0.012910
0.815197 0.014495
0.698064 0.015161
0.729746 0.014282
0.759605 0.008556
0.802752 0.007949
0.802151 0.011868
0.794423 0.020322
0.802020 0.012093
0.816309 0.009892
0.822798 0.010958
0.748978 0.012712
0.862457 0.011800
0.818852 0.015003
0.719347 0.015550
0.865889 0.009952
0.865227 0.008959
0.724096 0.006064
0.826180 0.008410
0.731731 0.010522
0.797269 0.016551
0.750472 0.016119
0.928073 0.011713
0.766538 0.010031
0.801948 0.010206
0.900111 0.007877
0.848813 0.010215
0.640926 0.011225
0.816058 0.011342
0.588648 0.009772
0.851869 0.013948
0.800218 0.017248
0.755282 0.008636
0.770220 0.009651
0.895751 0.010309
0.779635 0.016184
0.884562 0.013944
0.833144 0.013920
0.732456 0.012352
0.555445 0.010285
0.862517 0.010265
0.758186 0.014087
0.539544 0.013765
0.016777 0.008742
0.785915 0.014485
0.955056 0.013047
0.866870 0.011759
0.813171 0.014288
0.851965 0.015581
0.886960 0.011064
0.743875 0.010924
0.718642 0.009667
0.895714 0.009608
0.739356 0.011447
0.863537 0.010513
0.771274 0.008568
0.819576 0.011285
0.849186 0.014639
0.853484 0.012122
0.842151 0.005595
0.820222 0.013020
0.843768 0.011622
0.887373 0.013247
0.746131 0.008964
0.827887 0.011644
0.806369 0.009011
0.797823 0.011603
0.789287 0.008792
0.800739 0.014333
0.799216 0.023541
0.822344 0.011257
0.810044 0.009478
0.764772 0.013026
0.965305 0.009819
0.786130 0.011843
0.929110 0.009461
0.818801 0.016518
0.841794 0.016060
0.796665 0.014939
0.839626 0.020056
0.872284 0.006299
0.818251 0.010138
0.643457 0.007417
0.883176 0.008317
0.608849 0.010422
0.795663 0.007473
0.804846 0.015279
0.712499 0.011967
0.803373 0.011456
0.837204 0.012470
0.779471 0.012892
0.773087 0.010115
0.846407 0.008184
0.791251 0.010875
0.838167 0.008013
0.873195 0.006385
0.853407 0.012514
0.828106 0.011777
0.878071 0.012290
0.796046 0.012790
0.879199 0.008613
0.856205 0.007411
0.820525 0.011557
0.785223 0.009393
0.769954 0.017401
0.625551 0.007860
0.749602 0.011953
0.810030 0.007396
0.822906 0.009548
0.806733 0.013613
0.805010 0.013678
0.790336 0.008859
0.728491 0.007789
0.796842 0.011661
0.927367 0.011863
0.792931 0.014549
0.932705 0.009051
0.799561 0.015029
0.832565 0.014349
0.911251 0.007612
0.777196 0.017026
0.692525 0.006655
0.657449 0.013043
0.585372 0.006334
0.843270 0.016464
0.808952 0.013056
0.903845 0.014338
0.821480 0.013758
0.714267 0.009974
0.870621 0.011126
0.796826 0.012046
0.870146 0.009239
0.760580 0.013173
0.786379 0.020557
0.844875 0.014591
0.873591 0.015007
0.877310 0.015235
0.837690 0.014787
0.926239 0.010460
0.907495 0.010692
0.929202 0.013040
0.873081 0.011991
0.927882 0.011814
0.857390 0.012211
0.851251 0.014828
0.848108 0.013900
0.809554 0.008150
0.771761 0.007815
0.700279 0.009450
0.747057 0.007605
0.940024 0.008800
0.884195 0.012881
0.724234 0.017483
0.856214 0.011953
0.766803 0.017010
0.808739 0.012619
0.830933 0.011175
0.646000 0.007276
0.856759 0.010507
0.913939 0.012665
0.781784 0.008818
0.785368 0.007870
0.920654 0.016052
0.868372 0.009748
0.881300 0.013913
0.763846 0.010380
0.832428 0.014222
0.850594 0.011570
0.809541 0.011890
0.851812 0.014775
0.800458 0.015550
0.866371 0.008944
0.817005 0.011655
0.719511 0.009097
0.714044 0.012287
0.806074 0.015234
0.731390 0.010721
0.845795 0.009092
0.877088 0.012264
0.717711 0.016154
0.751926 0.005390
0.762602 0.013597
0.844828 0.014238
0.742924 0.010015
0.681907 0.011019
0.802334 0.014462
0.655738 0.010815
0.674745 0.011077
0.862662 0.014434
0.829081 0.012645
0.796176 0.008356
0.834169 0.013206
0.807338 0.011756
0.775153 0.010651
0.890898 0.013158
0.769848 0.011083
0.839672 0.011921
0.896071 0.008716
0.747963 0.014398
0.795862 0.011848
0.830704 0.010912
0.813477 0.010103
0.817044 0.012655
0.589918 0.017067
0.811714 0.007330
0.789557 0.011934
0.799647 0.012249
0.719158 0.002348
0.852891 0.017444
0.797310 0.013433
0.840110 0.011793
0.798420 0.013317
0.803523 0.012850
0.821188 0.007852
0.762402 0.014494
0.579486 0.009636
0.814467 0.015844
0.824861 0.012530
0.899927 0.012612
0.842852 0.010310
0.823017 0.010150
0.803073 0.015037
0.829915 0.014638
0.776108 0.014801
0.665035 0.012778
0.871446 0.008019
0.549646 0.007792
0.800639 0.005427
0.837205 0.017986
0.724114 0.011191
0.842686 0.011251
0.895394 0.010521
0.918602 0.005363
0.789495 0.011962
0.850999 0.009333
0.845685 0.008612
0.804567 0.009706
0.823733 0.010327
0.732838 0.015375
0.902012 0.017526
0.758536 0.010760
0.868890 0.014483
0.792774 0.010331
0.858676 0.014171
0.662247 0.009038
0.784724 0.011749
0.708465 0.012671
0.718075 0.011695
0.844145 0.010524
0.891513 0.012963
0.158391 0.014642
0.827745 0.011060
0.813489 0.010091
0.945537 0.015313
0.748481 0.022518
0.768610 0.019995
0.816310 0.011061
0.635261 0.010801
0.653937 0.014068
0.734401 0.009474
0.889839 0.011352
0.693846 0.011922
0.797366 0.009733
0.655612 0.015755
0.402922 0.015756
0.819698 0.014536
0.851259 0.010338
0.647578 0.007386
0.710660 0.008671
0.774888 0.009413
0.836388 0.009736
0.784920 0.012061
0.806583 0.011854
0.694956 0.009068
0.721296 0.013052
0.715468 0.016133
0.755411 0.008162
0.808462 0.011491
0.738049 0.007625
0.863577 0.009935
0.740820 0.008752
0.758476 0.012696
0.758333 0.016472
0.752781 0.013167
0.774146 0.016814
0.884529 0.014458
0.856120 0.007556
0.716310 0.010148
0.732281 0.009086
0.759220 0.009305
0.772747 0.011003
0.808290 0.010159
0.769599 0.009904
0.701825 0.008684
0.871227 0.007291
0.785581 0.009945
0.582414 0.011544
0.827037 0.010275
0.794396 0.015204
0.710450 0.012498
0.745010 0.009548
0.735177 0.008440
0.803952 0.012704
0.730390 0.012614
0.782335 0.012940
0.831504 0.013133
0.849598 0.012718
0.933649 0.010094
0.728601 0.011435
0.772524 0.010672
0.807698 0.013938
0.683169 0.011536
0.643469 0.014989
0.779398 0.010438
0.796278 0.007144
0.628304 0.012999
0.688374 0.012549
0.886209 0.011077
0.643539 0.015118
0.893310 0.013780
0.721832 0.010786
0.873131 0.010302
0.694422 0.006878
0.804648 0.010681
0.783473 0.009272
0.786364 0.008559
0.772444 0.010186
0.761013 0.008363
0.846556 0.016588
0.888314 0.015657
0.817413 0.008584
0.780777 0.011762
0.879803 0.012852
0.831502 0.012908
0.692887 0.007502
0.640537 0.006435
0.834747 0.012022
0.780803 0.012810
0.772091 0.012425
0.796085 0.015031
0.680946 0.015029
0.844721 0.014900
0.707087 0.009806
0.757888 0.009010
0.502125 0.012590
0.744731 0.007560
0.859162 0.007926
0.836862 0.007860
0.851109 0.008569
0.812907 0.008197
0.859004 0.010895
0.835608 0.012462
0.640573 0.013900
0.782519 0.008546
0.832510 0.014969
0.806926 0.014657
0.761635 0.013143
0.878286 0.006291
0.441145 0.009132
0.797638 0.004087
0.740711 0.014282
0.727839 0.013678
0.683021 0.012018
0.813029 0.010720
0.722855 0.009156
0.772428 0.007941
0.850664 0.005465
0.708016 0.010275
0.799120 0.011244
0.756064 0.009286
0.823696 0.010940
0.858892 0.008372
0.827853 0.012273
0.778978 0.007715
0.445394 0.014368
0.723069 0.010478
0.871318 0.006546
0.684163 0.013657
0.920454 0.011015
0.793263 0.010410
0.690427 0.014128
0.816192 0.007793
0.801934 0.010298
0.810001 0.014284
0.780503 0.011752
0.871965 0.012429
0.925156 0.015158
0.930316 0.010777
0.838404 0.017476
0.777548 0.011361
0.822752 0.009358
0.823852 0.011700
0.774720 0.015467
0.671214 0.010784
0.771065 0.009994
0.764751 0.015125
0.842548 0.006821
0.862925 0.006968
0.591482 0.013675
0.725777 0.009896
0.680334 0.006577
0.764181 0.013678
0.829922 0.011182
0.844510 0.009264
0.729873 0.010822
0.787712 0.012613
0.886569 0.007841
0.670189 0.006249
0.780419 0.006379
0.766806 0.011850
0.749142 0.009151
0.879281 0.011241
0.776445 0.012272
0.747672 0.007846
0.758851 0.010821
0.634178 0.015359
0.830100 0.012712
0.669656 0.005621
0.863097 0.016247
0.807059 0.014649
0.866463 0.009510
0.737108 0.014863
0.763339 0.010880
0.761824 0.009081
0.735118 0.014376
0.734492 0.014386
0.764414 0.007778
0.925089 0.009249
0.754004 0.012241
0.807126 0.013731
0.868696 0.005873
0.726967 0.011900
0.570492 0.011137
0.714844 0.010321
0.673371 0.007833
0.851106 0.006986
0.382159 0.007813
0.818746 0.011070
0.813845 0.019966
0.802076 0.007999
0.629763 0.007405
0.724477 0.010800
0.798649 0.012066
0.708485 0.012059
0.809155 0.014374
0.498296 0.016555
0.717036 0.005515
0.767937 0.008151
0.738295 0.011685
0.768086 0.014486
0.757433 0.009899
0.810326 0.009830
0.891828 0.009168
0.541738 0.011255
0.812226 0.009383
0.798022 0.015416
0.771119 0.010278
0.755484 0.013984
0.523265 0.009462
0.684178 0.010275
0.883692 0.005435
0.715238 0.010480
0.735220 0.009418
0.842081 0.005899
0.805723 0.009220
0.452053 0.015070
0.712182 0.012405
0.746344 0.013974
0.681758 0.012169
0.816260 0.013393
0.768121 0.011939
0.799395 0.012620
0.867042 0.010258
0.563496 0.009150
0.867364 0.004337
0.842510 0.013364
0.790362 0.011822
0.752814 0.007403
0.754950 0.014072
0.838862 0.005625
0.914403 0.008996
0.720976 0.007387
0.738623 0.016116
0.802550 0.010908
0.783301 0.009093
0.671448 0.015086
0.832167 0.010493
0.813174 0.016814
0.483854 0.014777
0.790346 0.008506
0.468507 0.012660
0.850804 0.011256
0.606131 0.003854
0.577222 0.011787
0.836484 0.014924
0.703680 0.011797
0.836804 0.010074
0.707267 0.012788
0.861060 0.008872
0.769301 0.006528
0.800883 0.005451
0.854485 0.016580
0.874029 0.011703
0.737345 0.018097
0.782651 0.009497
0.554149 0.008577
0.707294 0.012100
0.699986 0.017839
0.837947 0.016033
0.779260 0.011048
0.847972 0.008581
0.770832 0.012795
0.689866 0.013811
0.834334 0.015745
0.750413 0.011751
0.801029 0.012291
0.816735 0.012476
0.803856 0.017473
0.790636 0.007430
0.824472 0.020971
0.798302 0.013598
0.888525 0.012851
0.757588 0.012674
0.903396 0.012534
0.808034 0.011545
0.768689 0.005609
0.899749 0.010864
0.871076 0.010035
0.780874 0.006405
0.708253 0.008010
0.927996 0.010570
0.856037 0.007977
0.680505 0.007871
0.025947 0.012986
0.785458 0.009019
0.817751 0.005935
0.842853 0.009893
0.851266 0.008517
0.791940 0.008263
0.759987 0.011162
0.851094 0.010575
0.878633 0.008020
0.376504 0.011731
0.846262 0.006798
0.849709 0.010336
0.953621 0.007419
0.874583 0.014848
0.834787 0.008107
0.662346 0.005737
0.855387 0.008352
0.807261 0.010644
0.831710 0.008503
0.792961 0.007917
0.953928 0.016532
0.681717 0.012331
0.865176 0.010856
0.748396 0.009872
0.700632 0.007740
0.829481 0.009186
0.742435 0.005668
0.522509 0.010182
0.836806 0.013218
0.678221 0.006432
0.905350 0.012626
0.796378 0.008808
0.918677 0.011922
0.821761 0.011108
0.794000 0.009492
0.942818 0.010191
0.939833 0.006377
0.823098 0.014175
0.826972 0.010922
0.811187 0.008616
0.860287 0.011990
0.852272 0.009711
0.012206 0.004203
0.933616 0.011270
0.888363 0.008991
0.804631 0.007520
0.804422 0.010444
0.852740 0.007795
0.764680 0.005468
0.745329 0.007019
0.804301 0.010871
0.788984 0.010659
0.838531 0.011876
0.909637 0.011163
0.930080 0.010288
0.727502 0.006651
0.881520 0.008670
0.644305 0.011774
0.834160 0.008279
0.868751 0.006465
0.894834 0.007156
0.794858 0.005528
0.811206 0.008318
0.502668 0.008117
0.837409 0.012962
0.851782 0.014516
0.918164 0.008967
0.856938 0.015014
0.937934 0.010031
0.917412 0.010343
0.713778 0.008519
0.736946 0.004099
0.772221 0.008245
0.720070 0.010418
0.705550 0.006893
0.792142 0.015556
0.879729 0.009474
0.951053 0.012001
0.671143 0.011472
0.827826 0.007652
0.901315 0.007420
0.906820 0.008000
0.778098 0.010831
0.727042 0.005347
0.944935 0.007695
0.897644 0.009342
0.899673 0.008273
0.873039 0.012295
0.761619 0.006003
0.815905 0.007737
0.271517 0.007303
0.728773 0.006552
0.769082 0.006912
0.780454 0.008104
0.811865 0.009285
0.834314 0.007534
0.272782 0.011839
0.670379 0.005844
0.797659 0.007018
0.738476 0.004180
0.883876 0.013047
0.159058 0.010999
0.794575 0.009338
0.811022 0.008800
0.833199 0.008090
0.881274 0.008714
0.894309 0.009217
0.862178 0.009721
0.938661 0.012744
0.847551 0.008913
0.816200 0.013807
0.956727 0.011141
0.865399 0.010479
0.835365 0.006165
0.879929 0.011718
0.772503 0.010516
0.773183 0.009742
0.824621 0.007972
0.667635 0.002456
0.754612 0.007919
0.731150 0.009022
0.839182 0.008564
0.803934 0.014376
0.855151 0.006271
0.779211 0.005548
0.921035 0.005548
0.924343 0.014320
0.890716 0.008609
0.895999 0.009696
0.915223 0.009323
0.825942 0.010581
0.849518 0.005428
0.829729 0.010440
0.781106 0.011858
0.803182 0.014580
0.916081 0.007760
0.847974 0.008821
0.810510 0.005599
0.928543 0.008448
0.823714 0.009302
0.812580 0.009878
0.682434 0.004547
0.750532 0.006248
0.854234 0.007432
0.791333 0.009379
0.907699 0.010185
0.836260 0.008916
0.725329 0.005469
0.875632 0.013580
0.813446 0.008830
0.866715 0.013309
0.853028 0.009571
0.741832 0.009268
0.777837 0.008926
0.754545 0.006944
0.906242 0.006522
0.861086 0.008519
0.806556 0.013712
0.839454 0.008423
0.946526 0.006025
0.757440 0.005579
0.806473 0.008288
0.823668 0.011981
0.794249 0.005622
0.784033 0.005521
0.823309 0.008616
0.904862 0.012108
0.888447 0.008470
0.781679 0.015943
0.854892 0.007767
0.862388 0.008255
0.740541 0.004283
0.819007 0.005955
0.746325 0.009143
0.787193 0.010501
0.944260 0.015215
0.911801 0.004331
0.778789 0.011765
0.820496 0.008690
0.638123 0.013134
0.616085 0.007592
0.860816 0.008710
0.875388 0.011083
0.730441 0.009066
0.854910 0.010490
0.873942 0.009151
0.834557 0.009474
0.734158 0.006113
0.800008 0.009772
0.659909 0.007967
0.821706 0.006095
0.843815 0.008005
0.763848 0.004040
0.755579 0.011810
0.710745 0.008974
0.755069 0.008948
0.803414 0.009203
0.798378 0.011895
0.919739 0.009889
0.821422 0.008353
0.767726 0.009259
0.681327 0.008413
0.752206 0.004155
0.870156 0.010142
0.897469 0.006377
0.903510 0.015155
0.829400 0.007333
0.802092 0.012585
0.834688 0.009395
0.780745 0.006438
0.835717 0.011926
0.765850 0.006572
0.893630 0.008161
0.799642 0.013371
0.384708 0.010929
0.862985 0.006362
0.907347 0.008698
0.754959 0.007912
0.780770 0.008190
0.889134 0.007508
0.761846 0.010263
0.814290 0.007862
0.836604 0.009028
0.856021 0.009090
0.853657 0.006359
0.832009 0.009721
0.742217 0.012582
0.891920 0.010388
0.712861 0.008264
0.778447 0.007962
0.886257 0.010331
0.873942 0.008426
0.941123 0.008242
0.937423 0.015907
0.858174 0.009087
0.729206 0.005516
0.861619 0.007983
0.132857 0.009732
0.854154 0.011155
0.693175 0.004147
0.894245 0.007588
0.804251 0.011146
0.810315 0.011871
0.861352 0.011848
0.854077 0.015062
0.886548 0.010756
0.830171 0.007550
0.790386 0.010090
0.771838 0.004103
0.818473 0.010008
0.840440 0.011812
0.838838 0.009012
0.803559 0.005639
0.851692 0.011300
0.852817 0.010536
0.807770 0.005584
0.855644 0.008933
0.872961 0.015169
0.705726 0.012068
0.819611 0.012142
0.830801 0.010397
0.809463 0.009677
0.720240 0.009079
0.803745 0.010270
0.788245 0.009123
0.749204 0.007892
0.933618 0.006442
0.791449 0.011096
0.780495 0.009471
0.808244 0.012706
0.793744 0.011361
0.799255 0.013673
0.816911 0.007513
0.764212 0.006438
0.875429 0.014156
0.801131 0.011601
0.940940 0.009956
0.827886 0.010491
0.722707 0.008137
0.844542 0.006476
0.803144 0.008499
0.953249 0.010930
0.845614 0.009175
0.754037 0.008992
0.906399 0.014047
0.760546 0.009049
0.690975 0.007588
0.054081 0.009770
0.737098 0.004042
0.859268 0.010496
0.339174 0.007941
0.845944 0.007390
0.851013 0.010180
0.915709 0.007480
0.686395 0.004221
0.785990 0.012930
0.826230 0.009168
0.782250 0.007939
0.790888 0.008675
0.798732 0.007323
0.756427 0.004494
0.726001 0.005243
0.870328 0.009633
0.764963 0.013003
0.762625 0.009905
0.824069 0.008101
0.743984 0.005276
0.757408 0.011925
0.962592 0.006137
0.904380 0.011020
0.793342 0.009434
0.912712 0.008892
0.842709 0.007844
0.861202 0.007899
0.842435 0.013128
0.860667 0.009496
0.749098 0.003953
0.744224 0.014360
0.874178 0.010516
0.786309 0.008863
0.122339 0.009205
0.827174 0.009755
0.865598 0.008643
0.863551 0.007777
0.793930 0.009191
0.827653 0.009040
0.919131 0.008797
0.936124 0.007795
0.962942 0.008362
0.767114 0.006482
0.642628 0.010501
0.763029 0.013561
0.858764 0.014423
0.809829 0.012482
0.759401 0.003908
0.710550 0.004217
0.669320 0.009669
0.780205 0.009888
0.877571 0.009081
0.858009 0.007831
0.746169 0.006601
0.748808 0.012995
0.284021 0.011521
0.830988 0.009588
0.848225 0.014294
0.856892 0.010474
0.918652 0.007400
0.851942 0.011658
0.853348 0.009974
0.754588 0.011808
0.778585 0.011014
0.783918 0.006161
0.850708 0.008693
0.762271 0.012452
0.741292 0.006029
0.824316 0.009714
0.915079 0.010302
0.896397 0.005994
0.812295 0.009483
0.714207 0.007574
0.736581 0.009481
0.813511 0.006257
0.717585 0.005798
0.747148 0.009702
0.806737 0.007410
0.786075 0.003878
0.786071 0.006709
0.833511 0.005270
0.939779 0.011836
0.788739 0.008730
0.731522 0.006926
0.922005 0.006518
0.830722 0.008576
0.867649 0.010500
0.865259 0.008914
0.134210 0.009188
0.844021 0.008171
0.792058 0.010461
0.953190 0.011449
0.800150 0.008695
0.913974 0.011855
0.776913 0.007902
0.754897 0.007534
0.863714 0.006443
0.727583 0.006121
0.697699 0.008263
0.846488 0.009677
0.824296 0.005440
0.727809 0.016114
0.831980 0.010542
0.907636 0.007839
0.894498 0.010543
0.924152 0.011648
0.921049 0.008714
0.840930 0.010887
0.823540 0.009773
0.723316 0.007930
0.927461 0.005523
0.823513 0.006226
0.841424 0.010341
0.911999 0.009590
0.753124 0.009034
0.885195 0.008046
0.801626 0.009255
0.870795 0.010091
0.866156 0.010634
0.329120 0.010263
0.826064 0.008362
0.917665 0.009232
0.722143 0.008165
0.807292 0.011480
0.862389 0.006465
0.873270 0.011623
0.794626 0.008074
0.759991 0.010325
0.345407 0.012478
0.767163 0.006195
0.833176 0.009787
0.888003 0.007609
0.748373 0.009125
0.722397 0.010857
0.777665 0.010950
0.942163 0.005537
0.697993 0.009361
0.885412 0.009918
0.635972 0.010905
0.784843 0.014292
0.867443 0.010065
0.810898 0.011757
0.772305 0.011636
0.859475 0.009164
0.870725 0.011456
0.834388 0.007539
0.804246 0.010300
0.665739 0.002466
0.844059 0.009742
0.823999 0.006212
0.854721 0.006278
0.456634 0.009436
0.844875 0.009085
0.888632 0.012020
0.667453 0.007465
0.799131 0.011471
0.785304 0.006262
0.636126 0.008574
0.857793 0.004035
0.690186 0.007804
0.904150 0.008809
0.842619 0.011731
0.685871 0.011306
0.746170 0.008846
0.499250 0.008917
0.713792 0.005562
0.753510 0.010147
0.696637 0.004491
0.770823 0.006176
0.812875 0.009355
0.698696 0.007238
0.798644 0.005395
0.732042 0.009322
0.815605 0.008922
0.762240 0.003999
0.791959 0.006864
0.651844 0.010477
0.798198 0.003937
0.968386 0.010610
0.876956 0.007940
0.698790 0.008878
0.780639 0.007603
0.804846 0.008418
0.879349 0.007241
0.722603 0.010549
0.751197 0.010624
0.768899 0.002442
0.901734 0.009032
0.798926 0.010860
0.471559 0.005902
0.782819 0.010467
0.826560 0.010338
0.583446 0.006065
0.659035 0.007386
0.657350 0.010822
0.776541 0.009336
0.689591 0.006382
0.697752 0.008954
0.807585 0.011884
0.663131 0.004086
0.725049 0.008267
0.819540 0.008180
0.757758 0.005505
0.542627 0.009254
0.602307 0.005153
0.867137 0.007749
0.804873 0.008589
0.817834 0.010718
0.774224 0.004044
0.740820 0.005501
0.747315 0.008748
0.801447 0.011826
0.834217 0.008537
0.647369 0.010703
0.779304 0.006080
0.831008 0.005668
0.731577 0.007947
0.732044 0.008012
0.885960 0.010687
0.809125 0.005963
0.824289 0.010481
0.839394 0.008679
0.797330 0.009611
0.706904 0.007869
0.727207 0.007855
0.596509 0.006341
0.839435 0.009602
0.723861 0.007443
0.632617 0.010090
0.777822 0.005570
0.799680 0.011750
0.956325 0.011925
0.822801 0.010083
0.869730 0.016010
0.891803 0.007145
0.759674 0.004266
0.831762 0.008571
0.573028 0.004211
0.789475 0.009001
0.745575 0.004956
0.655788 0.007732
0.904009 0.007558
0.798267 0.002404
0.812183 0.007465
0.763197 0.003919
0.741391 0.007391
0.662072 0.002397
0.785122 0.009518
0.825095 0.014741
0.701491 0.007737
0.723544 0.005257
0.770828 0.007272
0.707988 0.010524
0.765263 0.010311
0.772927 0.007303
0.847280 0.011343
0.828587 0.010128
0.903785 0.013076
0.837380 0.012712
0.701139 0.006835
0.726564 0.002482
0.574841 0.011074
0.741877 0.004267
0.878562 0.009105
0.211328 0.012641
0.785147 0.005465
0.768055 0.005203
0.926787 0.015427
0.633795 0.005514
0.850683 0.007823
0.331462 0.010306
0.536706 0.005446
0.507868 0.007722
0.682243 0.007099
0.748962 0.007313
0.600281 0.007360
0.807471 0.011490
0.669497 0.005599
0.889285 0.012269
0.842585 0.007998
0.763316 0.006464
0.819506 0.009072
0.829916 0.008633
0.847837 0.008897
0.712872 0.010931
0.659472 0.013260
0.819769 0.010072
0.728232 0.002416
0.783030 0.003837
0.742665 0.006263
0.748697 0.011170
0.818060 0.010912
0.853222 0.013855
0.783754 0.008337
0.711225 0.010291
0.573040 0.009907
0.902973 0.010400
0.686514 0.008611
0.735573 0.008470
0.745910 0.007089
0.638364 0.008503
0.728468 0.011345
0.646206 0.011410
0.842712 0.007797
0.688695 0.006485
0.000000 0.009478
0.457404 0.005560
0.640331 0.007746
0.834977 0.007325
0.922101 0.013778
0.377370 0.008008
0.837918 0.009913
0.603220 0.005548
0.620596 0.010533
0.264003 0.009630
0.930604 0.009811
0.754461 0.005233
0.881719 0.009998
0.885319 0.007803
0.787743 0.007369
0.803855 0.009220
0.601686 0.006911
0.694448 0.003898
0.780238 0.007928
0.790917 0.009647
0.864587 0.006058
0.835514 0.011691
0.476507 0.010140
0.766024 0.009973
0.712621 0.009917
0.679168 0.007912
0.762520 0.009282
0.817101 0.007897
0.593956 0.007607
0.692047 0.005222
0.908768 0.008224
0.730117 0.005976
0.806911 0.006030
0.734012 0.011242
0.730256 0.005464
0.779602 0.003933
0.767326 0.010832
0.568736 0.008615
0.835582 0.007989
0.761712 0.012280
0.786468 0.004407
0.894419 0.007708
0.647183 0.008893
0.673227 0.009627
0.240740 0.009817
0.774852 0.009846
0.895157 0.011463
0.717191 0.009929
0.762283 0.003792
0.842525 0.006104
0.602500 0.004204
0.821210 0.007974
0.739779 0.007647
0.790285 0.005436
0.181826 0.012144
0.766007 0.007612
0.298165 0.009070
0.832668 0.005507
0.673591 0.004461
0.819130 0.013242
0.530415 0.008334
0.884418 0.007792
0.000000 0.011446
0.766026 0.009261
0.707535 0.002500
0.773885 0.003843
0.938421 0.013127
0.782709 0.009660
0.775012 0.007332
0.783240 0.013550
0.770643 0.009613
0.728580 0.004469
0.668469 0.009297
0.765139 0.009656
0.854901 0.008439
0.722801 0.010346
0.699151 0.004086
0.336120 0.005201
0.757265 0.005227
0.753022 0.006033
0.728346 0.006393
0.682439 0.011858
0.985306 0.011846
0.909591 0.010250
0.721613 0.013161
0.659815 0.006942
0.665248 0.002402
0.721124 0.007743
0.566833 0.008729
0.790987 0.008178
0.585294 0.007742
0.766525 0.011083
0.695497 0.003798
0.729448 0.005379
0.592609 0.006460
0.749482 0.005366
0.712693 0.003802
0.834344 0.009080
0.853207 0.009615
0.769912 0.008642
0.806550 0.009074
0.778595 0.009537
0.633331 0.007454
0.572169 0.012252
0.714642 0.005600
0.648146 0.005989
0.671732 0.009434
0.466459 0.007674
0.808102 0.008966
0.514603 0.007962
0.693133 0.005471
0.818532 0.008718
0.800261 0.010816
0.788649 0.006086
0.844357 0.014431
0.558889 0.007910
0.703759 0.006138
0.609827 0.007349
0.687791 0.009981
0.819449 0.007585
0.775390 0.012943
0.849186 0.016900
0.968652 0.005623
0.603173 0.012176
0.822243 0.008426
0.701788 0.010455
0.228173 0.009282
0.804668 0.009454
0.731206 0.009752
0.901054 0.015063
0.897231 0.009883
0.832033 0.010585
0.893421 0.012135
0.881292 0.011742
0.629979 0.007635
0.695602 0.004258
0.699462 0.006061
0.766912 0.010767
0.864998 0.013263
0.918916 0.010329
0.795144 0.007537
0.678938 0.010136
0.737387 0.005262
0.832486 0.006435
0.830695 0.006886
0.880574 0.011974
0.655330 0.009212
0.806894 0.012476
0.911536 0.010430
0.735957 0.009362
0.833841 0.007913
0.709095 0.006347
0.602864 0.007458
0.874535 0.007496
0.632160 0.004057
0.699646 0.006093
0.339739 0.011668
0.910853 0.006257
0.596599 0.007323
